0	0
0.00548607843137255	0.23021
0.00719882352941176	0.65286
0.0117862745098039	0.9289
0.016053137254902	1.22129
0.02032	1.51368
0.0258178431372549	1.74329
0.0312707843137255	1.97519
0.0356307843137255	2.26283
0.039186862745098	2.59147
0.0403709803921569	3.04108
0.0449719607843137	3.31643
0.0472588235294118	3.7098
0.0521745098039216	3.9691
0.0572235294117647	4.2216
0.0645437254901961	4.35827
0.0751150980392157	4.32913
0.087878431372549	4.1882
0.109176470588235	3.612
0.130902549019608	3.01397
0.142780980392157	2.91817
0.153705294117647	2.87103
0.16407	2.85243
0.175634705882353	2.77263
0.185179803921569	2.79583
0.195666666666667	2.771
0.208981764705882	2.60193
0.227990196078431	2.1425
0.243381764705882	1.86753
0.257966666666667	1.6337
0.270948431372549	1.48163
0.283288431372549	1.36229
0.295090392156863	1.27039
0.306487843137255	1.19912
0.317712549019608	1.13666
0.329110784313725	1.06535
0.339322352941176	1.05456
0.350007843137255	1.0196
0.360758235294118	0.98133
0.371431764705882	0.94698
0.382040392156863	0.91594
0.392880588235294	0.87309
0.403066666666667	0.8636
0.413605294117647	0.83613
0.423899803921569	0.82111
0.434310196078431	0.80018
0.444663137254902	0.78218
0.455227058823529	0.75342
0.465419803921569	0.74359
0.475695294117647	0.72954
0.485919803921569	0.71809
0.496156862745098	0.706
0.506445490196078	0.69128
0.516625098039216	0.68212
0.526791764705882	0.67362
0.536958431372549	0.66512
0.547176470588235	0.654
0.557612549019608	0.63176
0.567663725490196	0.62915
0.577785490196078	0.62294
0.587894509803922	0.61738
0.597997254901961	0.61214
0.608112549019608	0.60626
0.618195882352941	0.60201
0.628304901960784	0.59645
0.638413921568627	0.59089
0.648484509803922	0.58729
0.65854862745098	0.58402
0.668606274509804	0.58108
0.678676862745098	0.57748
0.688708823529412	0.57585
0.698721764705882	0.57519
0.708760196078431	0.57323
0.718785882352941	0.57192
0.72881137254902	0.57062
0.73882431372549	0.56996
0.748837058823529	0.56931
0.758862745098039	0.568
0.768888431372549	0.56669
0.778901176470588	0.56604
0.788939803921569	0.56407
0.798939803921569	0.56407
0.808971764705882	0.56244
0.818990980392157	0.56146
0.828997450980392	0.56113
0.839003725490196	0.56081
0.848997450980392	0.56113
0.858990980392157	0.56146
0.868990980392157	0.56146
0.878984509803922	0.56179
0.888971764705882	0.56244
0.898959019607843	0.56309
0.908946078431372	0.56375
0.918939803921569	0.56407
0.928907647058824	0.56571
0.938888431372549	0.56669
0.948881960784314	0.56702
0.958869215686275	0.56767
0.968856274509804	0.56833
0.978837058823529	0.56931
0.988817843137255	0.57029
0.99879862745098	0.57127
1.00876647058824	0.57291
1.01874098039216	0.57421
1.02871529411765	0.57552
1.03868960784314	0.57683
1.04867039215686	0.57781
1.05863843137255	0.57944
1.06861921568627	0.58042
1.07859980392157	0.58141
1.08856784313726	0.58304
1.09855509803922	0.58369
1.10845882352941	0.5886
1.11839470588235	0.59187
1.1283562745098	0.59383
1.13832431372549	0.59546
1.14827294117647	0.59808
1.15818941176471	0.60234
1.16813823529412	0.60495
1.17809980392157	0.60691
1.18802921568627	0.61051
1.19795862745098	0.61411
1.2079137254902	0.6164
1.21787529411765	0.61836
1.22781117647059	0.62163
1.23777274509804	0.62359
1.24774078431373	0.62522
1.25770235294118	0.62718
1.2676637254902	0.62915
1.27764450980392	0.63013
1.28762529411765	0.63111
1.29759960784314	0.63242
1.30758039215686	0.6334
1.31752901960784	0.63602
1.3275162745098	0.63667
1.33749705882353	0.63765
1.34747784313726	0.63863
1.35746490196078	0.63929
1.36743941176471	0.64059
1.37742	0.64158
1.3874137254902	0.6419
1.39738803921569	0.64321
1.40736882352941	0.64419
1.41734960784314	0.64517
1.42735588235294	0.64485
1.43733666666667	0.64583
1.44730470588235	0.64746
1.45728549019608	0.64844
1.4672662745098	0.64942
1.47723411764706	0.65106
1.48720843137255	0.65237
1.49718921568627	0.65335
1.5071637254902	0.65465
1.51712509803922	0.65662
1.52709941176471	0.65793
1.53708019607843	0.65891
1.54705470588235	0.66021
1.55702901960784	0.66152
1.56700333333333	0.66283
1.57696490196078	0.66479
1.58693274509804	0.66643
1.59690078431373	0.66806
1.60688156862745	0.66904
1.61684294117647	0.67101
1.62681098039216	0.67264
1.63679176470588	0.67362
1.64675333333333	0.67558
1.65672764705882	0.67689
1.66668921568627	0.67885
1.67667	0.67983
1.68665705882353	0.68049
1.69663784313725	0.68147
1.70662509803922	0.68212
1.71661862745098	0.68245
1.72661215686275	0.68278
1.73663784313725	0.68147
1.74661862745098	0.68245
1.75663784313726	0.68147
1.76660588235294	0.6831
1.77658666666667	0.68408
1.78655450980392	0.68572
1.79653529411765	0.6867
1.80651607843137	0.68768
1.8164968627451	0.68866
1.82647117647059	0.68997
1.83646470588235	0.6903
1.84643901960784	0.69161
1.85641980392157	0.69259
1.86638784313725	0.69422
1.87636862745098	0.6952
1.88634294117647	0.69651
1.89631725490196	0.69782
1.90629176470588	0.69912
1.91626588235294	0.70044
1.92623392156863	0.70207
1.93620823529412	0.70338
1.94616980392157	0.70534
1.95614411764706	0.70665
1.96611843137255	0.70796
1.97609294117647	0.70926
1.98606725490196	0.71057
1.99604156862745	0.71188
2.00601588235294	0.71319
2.01599666666667	0.71417
2.02596470588235	0.7158
2.03594529411765	0.71679
2.04592607843137	0.71777
2.0559068627451	0.71875
2.06589411764706	0.7194
2.07586843137255	0.72071
2.08584274509804	0.72202
2.09581725490196	0.72332
2.10580431372549	0.72398
2.11577882352941	0.72528
2.1257531372549	0.72659
2.13572745098039	0.7279
2.14570176470588	0.72921
2.15568254901961	0.73019
2.16566333333333	0.73117
2.17564411764706	0.73215
2.18561843137255	0.73346
2.19557980392157	0.73543
2.20556705882353	0.73608
2.21554137254902	0.73739
2.22552215686275	0.73837
2.23549666666667	0.73967
2.24546450980392	0.74131
2.25545176470588	0.74196
2.26550941176471	0.73902
2.27549019607843	0.74
2.28547098039216	0.74098
2.29545176470588	0.74196
2.30543254901961	0.74294
2.31540039215686	0.74458
2.32538764705882	0.74523
2.33536843137255	0.74621
2.34534901960784	0.7472
2.35532333333333	0.74851
2.36529784313725	0.74981
2.37527862745098	0.75079
2.38525941176471	0.75177
2.39524647058824	0.75243
2.40522725490196	0.75341
2.41521450980392	0.75406
2.42519529411765	0.75504
2.43516960784314	0.75635
2.44515666666667	0.75701
2.45514392156863	0.75766
2.46512470588235	0.75864
2.47511196078431	0.75929
2.48510549019608	0.75962
2.49509274509804	0.76027
2.50509274509804	0.76027
2.5150862745098	0.7606
2.52513098039216	0.75832
2.53513098039216	0.75832
2.54511823529412	0.75897
2.55510549019608	0.75962
2.56509823529412	0.75999
2.57508470588235	0.76068
2.58507764705882	0.76104
2.59507039215686	0.76141
2.60506333333333	0.76177
2.61504980392157	0.76246
2.62503	0.76347
2.63502274509804	0.76384
2.64502	0.76398
2.65501137254902	0.76442
2.66500294117647	0.76485
2.67499647058824	0.76518
2.68499	0.76551
2.69497725490196	0.76616
2.70497078431373	0.76649
2.71495803921569	0.76714
2.72495156862745	0.76747
2.73493882352941	0.76812
2.74491960784314	0.7691
2.75492588235294	0.76878
2.76493235294118	0.76845
2.77493235294118	0.76845
2.78491941176471	0.76911
2.79493235294118	0.76845
2.80492588235294	0.76878
2.81492588235294	0.76878
2.82491960784314	0.7691
2.83490666666667	0.76976
2.84490019607843	0.77009
2.85489392156863	0.77041
2.86487470588235	0.77139
2.87486176470588	0.77205
2.88485549019608	0.77237
2.89484901960784	0.7727
2.90482980392157	0.77368
2.91482333333333	0.77401
2.92482333333333	0.77401
2.93482333333333	0.77401
2.94486176470588	0.77205
2.9549131372549	0.76943
2.96489392156863	0.77041
2.97487470588235	0.77139
2.98485549019608	0.77237
2.99485549019608	0.77237
3.00484901960784	0.7727
3.0148362745098	0.77335
3.02482980392157	0.77368
3.03482333333333	0.77401
3.04490666666667	0.76976
3.05490039215686	0.77008
3.06488117647059	0.77106
3.07488411764706	0.77091
3.08487450980392	0.7714
3.09487294117647	0.77148
3.10485862745098	0.77221
3.11485058823529	0.77262
3.12484254901961	0.77303
3.13484039215686	0.77314
3.14483196078431	0.77357
3.15482764705882	0.77379
3.16482549019608	0.7739
3.17482333333333	0.77401
3.18482333333333	0.77401
3.19477411764706	0.77652
3.20472509803922	0.77902
3.21467588235294	0.78153
3.22464176470588	0.78327
3.23460529411765	0.78513
3.24456901960784	0.78698
3.25455078431373	0.78791
3.26453470588235	0.78873
3.27451882352941	0.78954
3.28450274509804	0.79036
3.29448784313725	0.79112
3.30447274509804	0.79189
3.31445784313725	0.79265
3.32442039215686	0.79456
3.3343831372549	0.79646
3.34434568627451	0.79837
3.35431254901961	0.80006
3.36426980392157	0.80224
3.37422705882353	0.80442
3.3841868627451	0.80647
3.39413411764706	0.80916
3.40408117647059	0.81186
3.41402823529412	0.81456
3.42402176470588	0.81489
3.43400470588235	0.81576
3.44398764705882	0.81663
3.45395568627451	0.81826
3.46396156862745	0.81796
3.47396745098039	0.81766
3.48395784313725	0.81815
3.49394823529412	0.81864
3.50393901960784	0.81911
3.51393	0.81957
3.52391725490196	0.82022
3.53390058823529	0.82107
3.54388411764706	0.82191
3.55387176470588	0.82254
3.56385941176471	0.82317
3.57384019607843	0.82415
3.58382470588235	0.82494
3.59380921568627	0.82573
3.60379588235294	0.82641
3.61378294117647	0.82707
3.62376862745098	0.8278
3.63375411764706	0.82854
3.64375470588235	0.82851
3.6537631372549	0.82808
3.66377176470588	0.82764
3.67377333333333	0.82756
3.68376431372549	0.82802
3.69375529411765	0.82848
3.7037462745098	0.82894
3.71375843137255	0.82832
3.72377078431373	0.82769
3.73378294117647	0.82707
3.74381509803922	0.82543
3.75384764705882	0.82377
3.76388039215686	0.8221
3.77391294117647	0.82044
3.78390019607843	0.82109
3.79388725490196	0.82175
3.80387450980392	0.8224
3.81386803921569	0.82273
3.82386156862745	0.82306
3.83385509803922	0.82339
3.84384882352941	0.82371
3.85383803921569	0.82426
3.86382745098039	0.8248
3.87381666666667	0.82535
3.88384294117647	0.82401
3.89386901960784	0.82268
3.90389529411765	0.82134
3.91389470588235	0.82137
3.92389352941176	0.82143
3.93389254901961	0.82148
3.94388941176471	0.82164
3.95388176470588	0.82203
3.96387431372549	0.82241
3.9738662745098	0.82282
3.98386058823529	0.82311
3.99385784313725	0.82325
4.00385509803922	0.82339
4.01385470588235	0.82341
4.02385411764706	0.82344
4.03385137254902	0.82358
4.04384882352941	0.82371
4.05384235294118	0.82404
4.06383803921569	0.82426
4.07383588235294	0.82437
4.08383176470588	0.82458
4.09382745098039	0.8248
4.1038231372549	0.82502
4.11381882352941	0.82524
4.12381450980392	0.82546
4.13381039215686	0.82567
4.14379960784314	0.82622
4.15378901960784	0.82676
4.16377823529412	0.82731
4.17376960784314	0.82775
4.18376549019608	0.82796
4.19376117647059	0.82818
4.20376215686275	0.82813
4.21376117647059	0.82818
4.22376	0.82824
4.23375901960784	0.82829
4.24374823529412	0.82884
4.25373764705882	0.82938
4.2637268627451	0.82993
4.27372215686275	0.83017
4.28371941176471	0.83031
4.2937168627451	0.83044
4.30371196078431	0.83069
4.31370764705882	0.83091
4.32370352941176	0.83112
4.33369960784314	0.83132
4.34369803921569	0.8314
4.35369647058824	0.83148
4.36369490196078	0.83156
4.37369490196078	0.83156
4.38372058823529	0.83025
4.3937462745098	0.82894
4.40376980392157	0.82774
4.41377196078431	0.82763
4.42377411764706	0.82752
4.43378039215686	0.8272
4.44378254901961	0.82709
4.45378470588235	0.82698
4.46378470588235	0.82698
4.47378784313726	0.82682
4.48379274509804	0.82657
4.49379745098039	0.82633
4.50380235294118	0.82608
4.51380607843137	0.82589
4.52381039215686	0.82567
4.53381254901961	0.82556
4.54381882352941	0.82524
4.55382470588235	0.82494
4.56383058823529	0.82464
4.57384137254902	0.82409
4.58385196078431	0.82355
4.59387176470588	0.82254
4.60389156862745	0.82153
4.61390215686275	0.82099
4.62391235294118	0.82047
4.63392254901961	0.81995
4.64392843137255	0.81965
4.65393431372549	0.81935
4.66394078431373	0.81902
4.67395882352941	0.8181
4.68397705882353	0.81717
4.6940068627451	0.81565
4.7040368627451	0.81412
4.71406137254902	0.81287
4.72408392156863	0.81172
4.73409666666667	0.81107
4.74410529411765	0.81063
4.7541137254902	0.8102
4.76412078431373	0.80984
4.77412764705882	0.80949
4.78413568627451	0.80908
4.7941437254902	0.80867
4.80415549019608	0.80807
4.8141737254902	0.80714
4.82419078431373	0.80627
4.83420568627451	0.80551
4.84421431372549	0.80507
4.85422490196078	0.80453
4.86423568627451	0.80398
4.87424843137255	0.80333
4.88426294117647	0.80259
4.89427725490196	0.80186
4.90428960784314	0.80123
4.91438098039216	0.79657
4.92447274509804	0.79189
4.93456470588235	0.7872
4.94461392156863	0.78469
4.95466294117647	0.78219
4.96471215686275	0.77968
4.97473352941177	0.77859
4.98475431372549	0.77753
4.99477529411765	0.77646
5.00479607843137	0.7754
5.0148168627451	0.77434
5.02483823529412	0.77325
5.03485960784314	0.77216
5.04487666666667	0.77129
5.05490235294118	0.76998
5.06492803921569	0.76867
5.07494843137255	0.76763
5.08496431372549	0.76682
5.09498039215686	0.766
5.10499647058824	0.76518
5.11500705882353	0.76464
5.12501784313726	0.76409
5.1350168627451	0.76414
5.14501803921569	0.76408
5.15501901960784	0.76403
5.16502019607843	0.76397
5.17502137254902	0.76391
5.18502450980392	0.76375
5.19502784313726	0.76358
5.20503117647059	0.76341
5.21503235294118	0.76335
5.22503333333333	0.7633
5.23503450980392	0.76324
5.24503568627451	0.76318
5.2550368627451	0.76312
5.26503784313726	0.76307
5.27503901960784	0.76301
5.28504019607843	0.76295
5.29504137254902	0.76289
5.30504235294118	0.76284
5.31504352941176	0.76278
5.32504470588235	0.76272
5.33504588235294	0.76266
5.3450468627451	0.76261
5.35504803921569	0.76255
5.36504921568627	0.76249
5.37505039215686	0.76243
5.38505156862745	0.76237
5.39505254901961	0.76232
5.4050537254902	0.76226
5.41505490196078	0.7622
5.42505607843137	0.76214
5.43505705882353	0.76209
5.44505823529412	0.76203
5.45505941176471	0.76197
5.46506274509804	0.7618
5.47506588235294	0.76164
5.48510450980392	0.75967
5.49514431372549	0.75764
5.50518411764706	0.75561
5.51520235294118	0.75468
5.52522078431373	0.75374
5.53524666666667	0.75242
5.54528176470588	0.75063
5.55531666666667	0.74885
5.56534509803922	0.7474
5.5753737254902	0.74594
5.58541235294118	0.74397
5.59544470588235	0.74232
5.6054768627451	0.74068
5.61547921568628	0.74056
5.62548529411765	0.74025
5.63549156862745	0.73993
5.64550450980392	0.73927
5.65551745098039	0.73861
5.66553529411765	0.7377
5.6755531372549	0.73679
5.68556843137255	0.73601
5.69557705882353	0.73557
5.70558588235294	0.73512
5.71567803921569	0.73042
5.72577019607843	0.72572
5.73586196078431	0.72104
5.74587960784314	0.72014
5.75589725490196	0.71924
5.76591490196079	0.71834
5.77593568627451	0.71728
5.78594529411765	0.71679
5.79595509803922	0.71629
5.80596470588235	0.7158
5.81597098039216	0.71548
5.82597529411765	0.71526
5.83597960784314	0.71504
5.84598235294118	0.7149
5.85598921568627	0.71455
5.8659962745098	0.71419
5.8760031372549	0.71384
5.88601392156863	0.71329
5.89602450980392	0.71275
5.90603529411765	0.7122
5.91604588235294	0.71166
5.92605019607843	0.71144
5.93605431372549	0.71123
5.94605588235294	0.71115
5.95605764705882	0.71106
5.96605921568627	0.71098
5.97606078431373	0.7109
5.98606294117647	0.71079
5.99606509803922	0.71068
6.00606725490196	0.71057
6.01606725490196	0.71057
6.02606725490196	0.71057
6.03606941176471	0.71046
6.04607137254902	0.71036
6.05607352941177	0.71025
6.06607196078431	0.71033
6.07607352941176	0.71025
6.08607529411765	0.71016
6.0960768627451	0.71008
6.10631509803922	0.69793
6.11655235294118	0.68583
6.12678960784314	0.67373
6.13681745098039	0.67231
6.1468431372549	0.671
6.15686862745098	0.6697
6.16689431372549	0.66839
6.17689862745098	0.66817
6.18690941176471	0.66762
6.19692	0.66708
6.20692960784314	0.66659
6.21693921568628	0.6661
6.22694882352941	0.66561
6.23695843137255	0.66512
6.24696803921569	0.66463
6.25697764705882	0.66414
6.26698725490196	0.66365
6.27699058823529	0.66348
6.28701196078431	0.66239
6.29703333333333	0.6613
6.30705470588235	0.66021
6.31708666666667	0.65858
6.32711882352941	0.65694
6.33715078431373	0.65531
6.34716411764706	0.65463
6.35717745098039	0.65395
6.36719078431373	0.65327
6.37720431372549	0.65258
6.38721921568628	0.65182
6.39723411764706	0.65106
6.40724705882353	0.6504
6.41725980392157	0.64975
6.42727254901961	0.6491
6.43728549019608	0.64844
6.44729235294118	0.64809
6.4573037254902	0.64751
6.46731490196079	0.64694
6.47732607843137	0.64637
6.48735490196078	0.6449
6.4973837254902	0.64343
6.50742117647059	0.64152
6.51751843137255	0.63656
6.52759960784314	0.63242
6.53767431372549	0.62861
6.54768980392157	0.62782
6.55773431372549	0.62555
6.56777588235294	0.62343
6.57781764705882	0.6213
6.58785882352941	0.6192
6.59797784313726	0.61313
6.60809764705882	0.60702
6.6182131372549	0.60113
6.62822490196078	0.60053
6.63824078431373	0.59972
6.64825529411765	0.59898
6.65826960784314	0.59825
6.66827980392157	0.59773
6.67829	0.59721
6.68830607843137	0.59639
6.69832784313726	0.59528
6.70834882352941	0.59421
6.7183637254902	0.59345
6.72837862745098	0.59269
6.73839411764706	0.5919
6.74840960784314	0.59111
6.75842882352941	0.59013
6.76845509803922	0.58879
6.77848117647059	0.58746
6.7885037254902	0.58631
6.79852607843137	0.58517
6.80857803921569	0.58252
6.81862980392157	0.57988
6.82868333333333	0.57715
6.83869294117647	0.57666
6.84870254901961	0.57617
6.85871215686275	0.57568
6.86872803921569	0.57487
6.87874098039216	0.57421
6.8887537254902	0.57356
6.89875529411765	0.57348
6.90876176470588	0.57315
6.91876823529412	0.57282
6.92877450980392	0.5725
6.93878588235294	0.57192
6.94879431372549	0.57149
6.95880137254902	0.57113
6.96880607843137	0.57089
6.97881843137255	0.57026
6.98883058823529	0.56964
6.99884352941176	0.56898
7.0088562745098	0.56833
7.01886392156863	0.56794
7.02886980392157	0.56764
7.0388831372549	0.56696
7.04889862745098	0.56617
7.05891411764706	0.56538
7.06896058823529	0.56301
7.07900705882353	0.56064
7.08905196078431	0.55835
7.09906254901961	0.55781
7.10907588235294	0.55713
7.11908941176471	0.55644
7.12910647058824	0.55557
7.13919607843137	0.551
7.14928588235294	0.54642
7.15937411764706	0.54192
7.16941098039216	0.54004
7.17944784313726	0.53816
7.18948470588235	0.53628
7.19951294117647	0.53484
7.20954137254902	0.53339
7.21956960784314	0.53195
7.22958352941177	0.53124
7.23959490196078	0.53066
7.24960607843137	0.53009
7.25961784313725	0.52949
7.26962470588235	0.52914
7.27963176470588	0.52878
7.28963862745098	0.52843
7.29964764705882	0.52797
7.3096568627451	0.5275
7.31966588235294	0.52704
7.32967490196078	0.52658
7.33969196078431	0.52571
7.34970901960784	0.52484
7.35972823529412	0.52386
7.36976196078431	0.52214
7.37979568627451	0.52042
7.38983352941177	0.51849
7.39987156862745	0.51655
7.40989509803922	0.51535
7.41991274509804	0.51445
7.42993039215686	0.51355
7.43997196078431	0.51143
7.45000725490196	0.50963
7.46004196078431	0.50786
7.4700768627451	0.50608
7.48010176470588	0.50481
7.4901268627451	0.50353
7.50015196078431	0.50225
7.51016921568627	0.50137
7.52018470588235	0.50058
7.53020019607843	0.49979
7.54021568627451	0.499
7.55022196078431	0.49868
7.56022843137255	0.49835
7.57023490196078	0.49802
7.58024137254902	0.49769
7.59025	0.49725
7.60025843137255	0.49682
7.61026862745098	0.4963
7.62027980392157	0.49573
7.63029098039216	0.49516
7.64030215686275	0.49459
7.65033745098039	0.49279
7.66039509803922	0.48985
7.67045294117647	0.4869
7.68050901960784	0.48404
7.69054274509804	0.48232
7.7005762745098	0.48061
7.71061	0.47889
7.7206168627451	0.47854
7.73063352941177	0.47769
7.74065	0.47685
7.75066450980392	0.47611
7.76066921568627	0.47587
7.77067411764706	0.47562
7.78067882352941	0.47538
7.7906837254902	0.47513
7.80069117647059	0.47475
7.81069862745098	0.47437
7.82070607843137	0.47399
7.83071568627451	0.4735
7.84072431372549	0.47306
7.85072960784314	0.47279
7.86073333333333	0.4726
7.87073980392157	0.47227
7.8807462745098	0.47194
7.89075254901961	0.47162
7.90076058823529	0.47121
7.91077137254902	0.47066
7.92078196078431	0.47012
7.93079490196079	0.46946
7.94080490196078	0.46895
7.95081509803922	0.46843
7.96083156862745	0.46759
7.97084823529412	0.46674
7.99086745098039	0.46576
8.0	    0.46576
