0	0
0.00467823529411765	0.27141
0.00616980392156863	0.70534
0.00979039215686274	1.03069
0.0137123529411765	1.34067
0.0177872549019608	1.64285
0.0226641176470588	1.90413
0.0270156862745098	2.1922
0.0316941176470588	2.4636
0.0330829411764706	2.90277
0.0376072549019608	3.18203
0.0406307843137255	3.53783
0.0436162745098039	3.89557
0.046551568627451	4.25587
0.0497162745098039	4.60447
0.0553307843137255	4.82813
0.0640352941176471	4.8942
0.0747921568627451	4.8556
0.0835288235294118	4.92003
0.0922078431372549	4.9874
0.103470588235294	4.923
0.110117647058824	5.094
0.120662156862745	5.06623
0.135272549019608	4.8311
0.157224117647059	4.22157
0.176617647058824	3.7425
0.193887647058824	3.37173
0.209780980392157	3.07117
0.226186274509804	2.7445
0.240386274509804	2.5303
0.25378431372549	2.357
0.266188823529412	2.23437
0.277233921568627	2.18107
0.288881764705882	2.09703
0.299977843137255	2.04113
0.311266666666667	1.9754
0.321311176470588	1.97313
0.332183725490196	1.92863
0.342824117647059	1.89597
0.353241764705882	1.87467
0.363607254901961	1.85603
0.373818235294118	1.84527
0.383864117647059	1.84293
0.394170588235294	1.8273
0.404344509803922	1.81843
0.414549019607843	1.808
0.424690196078431	1.8008
0.434933921568627	1.78837
0.444960196078431	1.78703
0.455011176470588	1.78443
0.465113725490196	1.7792
0.475152352941177	1.77723
0.485146470588235	1.77753
0.495126862745098	1.77853
0.505113725490196	1.7792
0.515043725490196	1.78277
0.524928039215686	1.78867
0.534780392156863	1.7962
0.544760784313725	1.7972
0.554651568627451	1.80277
0.564588235294118	1.806
0.574523529411765	1.8093
0.584407843137255	1.8152
0.594350392156863	1.81813
0.604273921568627	1.82203
0.61425431372549	1.82303
0.624131960784314	1.82927
0.634023529411765	1.8348
0.643940588235294	1.83903
0.653741176470588	1.8492
0.663619607843137	1.8554
0.673536666666667	1.85963
0.68337	1.86813
0.693260196078431	1.87373
0.703145098039216	1.8796
0.712978431372549	1.8881
0.722869215686275	1.89367
0.732747647058824	1.89987
0.742587647058824	1.90803
0.752471960784314	1.91393
0.762356862745098	1.9198
0.772234705882353	1.92603
0.782068039215686	1.93453
0.791946470588235	1.94073
0.801888235294117	1.9437
0.811766666666667	1.9499
0.821645098039216	1.9561
0.831542549019608	1.96133
0.84140137254902	1.96853
0.851343137254902	1.9715
0.861228039215686	1.97737
0.871119019607843	1.98293
0.881048431372549	1.98653
0.890939803921569	1.99207
0.900773137254902	2.00057
0.910664117647059	2.00613
0.920619019607843	2.00843
0.93048431372549	2.0153
0.940349607843137	2.02217
0.950234705882353	2.02803
0.960093529411765	2.03523
0.969932745098039	2.04343
0.979836666666667	2.04833
0.989701960784314	2.0552
0.999547647058824	2.06307
1.0094137254902	2.0699
1.01931039215686	2.07517
1.02917	2.08233
1.03901568627451	2.0902
1.04888098039216	2.09707
1.05877196078431	2.10263
1.06860588235294	2.1111
1.07847117647059	2.11797
1.08829156862745	2.12713
1.0981568627451	2.134
1.10804705882353	2.1396
1.11797705882353	2.14317
1.12772745098039	2.1559
1.13750921568627	2.16703
1.14733588235294	2.17587
1.15718235294118	2.1837
1.16703470588235	2.19123
1.17693470588235	2.19633
1.18680333333333	2.20303
1.19665039215686	2.21083
1.20651568627451	2.2177
1.21634901960784	2.2262
1.22620137254902	2.23373
1.23604117647059	2.2419
1.24594176470588	2.24697
1.25582352941176	2.253
1.26568176470588	2.26023
1.27551568627451	2.2687
1.28537450980392	2.2759
1.29523333333333	2.2831
1.30509156862745	2.29033
1.31498294117647	2.29587
1.32487392156863	2.30143
1.33468176470588	2.31123
1.34454764705882	2.31807
1.35441823529412	2.32467
1.36432882352941	2.32923
1.37425235294118	2.33313
1.38420725490196	2.33543
1.39409803921569	2.341
1.40397	2.34753
1.41382294117647	2.35503
1.42367509803922	2.36257
1.43355294117647	2.3688
1.44342549019608	2.3753
1.45332901960784	2.38022
1.4632137254902	2.3861
1.47307843137255	2.393
1.48293078431373	2.40053
1.49282882352941	2.40573
1.50264254901961	2.41523
1.5124568627451	2.4247
1.52234509803922	2.4304
1.53223921568627	2.4358
1.54209803921569	2.443
1.55196862745098	2.4496
1.56183470588235	2.45643
1.57170058823529	2.46327
1.5815268627451	2.47213
1.59142411764706	2.47737
1.60129019607843	2.4842
1.61115549019608	2.49107
1.62112941176471	2.4924
1.63100725490196	2.49863
1.6408862745098	2.5048
1.65075745098039	2.51137
1.66063588235294	2.51757
1.67054607843137	2.52215
1.6804562745098	2.52673
1.69033470588235	2.53293
1.70021901960784	2.53883
1.71009745098039	2.54503
1.71996215686275	2.55193
1.72985352941176	2.55747
1.73978921568627	2.56075
1.74969352941176	2.56563
1.75954568627451	2.57317
1.76946862745098	2.5771
1.77935941176471	2.58267
1.78925098039216	2.5882
1.79911568627451	2.5951
1.8090268627451	2.59963
1.81894960784314	2.60357
1.82884647058824	2.60883
1.83878960784314	2.61173
1.84869941176471	2.61633
1.85857784313725	2.62253
1.86855235294118	2.62383
1.87845549019608	2.62877
1.8883562745098	2.63383
1.89827647058824	2.6379
1.90813470588235	2.64513
1.9180268627451	2.65063
1.92791039215686	2.65657
1.93778294117647	2.66307
1.9476731372549	2.66867
1.95752607843137	2.67617
1.96746901960784	2.67908
1.97734705882353	2.6853
1.98725039215686	2.69023
1.99714764705882	2.69547
2.00703921568627	2.701
2.01691764705882	2.7072
2.02683392156863	2.71147
2.03676333333333	2.71507
2.04664117647059	2.7213
2.0565637254902	2.72525
2.06649352941176	2.72883
2.07642352941176	2.7324
2.08639156862745	2.73403
2.09626333333333	2.74057
2.10616666666667	2.7455
2.11604431372549	2.75174
2.1259531372549	2.75639
2.13589784313725	2.75921
2.14583647058824	2.76234
2.15575254901961	2.76662
2.16566156862745	2.77126
2.17557705882353	2.77557
2.18549901960784	2.77955
2.19542823529412	2.78316
2.2053662745098	2.78632
2.21533058823529	2.78814
2.22519509803922	2.79505
2.23514254901961	2.79773
2.24503254901961	2.80334
2.25497411764706	2.80632
2.26489941176471	2.81013
2.27483196078431	2.81357
2.28474745098039	2.81788
2.29466352941176	2.82216
2.30458568627451	2.82613
2.31451411764706	2.82978
2.32444274509804	2.83342
2.33438411764706	2.83641
2.34432529411765	2.83941
2.35426039215686	2.84272
2.36418254901961	2.84669
2.37409215686274	2.8513
2.38402058823529	2.85495
2.3939368627451	2.85922
2.40387156862745	2.86255
2.41370450980392	2.87107
2.4235768627451	2.87758
2.43344176470588	2.88447
2.44327509803922	2.89297
2.45306705882353	2.90358
2.46296725490196	2.90867
2.47279078431373	2.91767
2.48270392156863	2.9221
2.49252411764706	2.93127
2.5024931372549	2.93285
2.51236529411765	2.93937
2.52222980392157	2.94628
2.53215294117647	2.9502
2.54206921568627	2.95447
2.55199941176471	2.95803
2.56212098039216	2.95183
2.5720437254902	2.95577
2.58193823529412	2.96115
2.59182607843137	2.96687
2.60166607843137	2.97503
2.6115631372549	2.98028
2.62148039215686	2.9845
2.63135823529412	2.99073
2.64126509803922	2.99548
2.65126803921569	2.99533
2.66123588235294	2.99697
2.67133862745098	2.99173
2.68124254901961	2.99663
2.69117803921569	2.99992
2.70108823529412	3.0045
2.71100588235294	3.0087
2.72095450980392	3.01132
2.73090921568627	3.01363
2.74081274509804	3.01855
2.75078098039216	3.02017
2.76072352941176	3.0231
2.77071784313725	3.02339
2.78069294117647	3.02466
2.79064705882353	3.027
2.80071666666667	3.02345
2.81066529411765	3.02607
2.82065882352941	3.0264
2.83061431372549	3.02867
2.84055411764706	3.03174
2.85050705882353	3.03414
2.86046019607843	3.03653
2.87039647058824	3.03978
2.88034764705882	3.04227
2.89033176470588	3.04308
2.90029058823529	3.04518
2.91024549019608	3.04748
2.92017196078431	3.05123
2.93017411764706	3.05112
2.94018294117647	3.05067
2.95015882352941	3.0519
2.95991176470588	3.0645
2.96962019607843	3.07937
2.9795131372549	3.08483
2.98937411764706	3.09192
2.99927450980392	3.097
3.00929019607843	3.0962
3.0192868627451	3.09637
3.02919078431373	3.10127
3.03908823529412	3.1065
3.04903666666667	3.10913
3.05894705882353	3.1137
3.06889549019608	3.11633
3.07882509803922	3.11992
3.08879058823529	3.12168
3.09874549019608	3.12398
3.10866529411765	3.12807
3.11859882352941	3.13146
3.12853901960784	3.13451
3.13848529411765	3.13725
3.14841823529412	3.14067
3.15835039215686	3.14413
3.16833176470588	3.14508
3.17829941176471	3.14673
3.18826803921569	3.14833
3.19823196078431	3.15017
3.20822215686275	3.15067
3.21819019607843	3.1523
3.22815823529412	3.15393
3.23814843137255	3.15443
3.24811019607843	3.15638
3.25808784313725	3.15752
3.26806196078431	3.15884
3.27803588235294	3.16017
3.28792411764706	3.16587
3.29782843137255	3.17075
3.30773882352941	3.17532
3.31764568627451	3.18007
3.32759666666667	3.18257
3.33754745098039	3.18508
3.34749803921569	3.1876
3.35742098039216	3.19153
3.36733137254902	3.1961
3.37728333333333	3.19855
3.38723529411765	3.201
3.39720862745098	3.20236
3.40718215686275	3.20371
3.41714568627451	3.20557
3.42709745098039	3.20803
3.43704901960784	3.2105
3.44701411764706	3.21228
3.45699470588235	3.21327
3.46696588235294	3.21474
3.47692725490196	3.21671
3.48688882352941	3.21867
3.49686960784314	3.21965
3.5068437254902	3.22097
3.51683098039216	3.22162
3.52682470588235	3.22194
3.53681823529412	3.22227
3.54683431372549	3.22145
3.55685039215686	3.22063
3.56682490196078	3.22193
3.57680529411765	3.22293
3.58679568627451	3.22342
3.59678607843137	3.22391
3.6067731372549	3.22457
3.61675098039216	3.2257
3.62672215686274	3.22717
3.63675117647059	3.22569
3.64678019607843	3.22421
3.65680882352941	3.22275
3.66682450980392	3.22195
3.67685039215686	3.22063
3.68684725490196	3.22079
3.69684392156863	3.22096
3.70684745098039	3.22078
3.71686019607843	3.22013
3.72686333333333	3.21997
3.73685392156863	3.22045
3.74684450980392	3.22093
3.75685156862745	3.22057
3.76685862745098	3.22021
3.77687588235294	3.21933
3.78689843137255	3.21818
3.79692098039216	3.21703
3.80698529411765	3.21375
3.81704960784314	3.21047
3.8270831372549	3.20876
3.83709196078431	3.20831
3.84710058823529	3.20787
3.85735980392157	3.19465
3.86753294117647	3.18582
3.87757490196078	3.18368
3.88760392156863	3.1822
3.89763098039216	3.18082
3.90766705882353	3.17898
3.91769078431373	3.17777
3.92771019607843	3.17678
3.93775490196078	3.1745
3.94775156862745	3.17467
3.95774843137255	3.17483
3.96776490196078	3.17399
3.97777235294118	3.17361
3.98777980392157	3.17323
3.99779607843137	3.1724
4.00781235294118	3.17157
4.01781901960784	3.17123
4.02781901960784	3.17123
4.03781901960784	3.17123
4.04781235294118	3.17157
4.05780588235294	3.1719
4.06781862745098	3.17125
4.07782156862745	3.1711
4.08782078431373	3.17114
4.09782921568628	3.17071
4.10783784313726	3.17027
4.11799176470588	3.16242
4.12814549019608	3.15458
4.13819019607843	3.1523
4.14824470588235	3.14952
4.15827137254902	3.14816
4.16828862745098	3.14728
4.17830588235294	3.1464
4.18841470588235	3.14085
4.1984337254902	3.13988
4.2084337254902	3.13988
4.21842764705882	3.14019
4.22842156862745	3.1405
4.23844078431373	3.13952
4.24846019607843	3.13853
4.25848176470588	3.13743
4.2684931372549	3.13685
4.27850450980392	3.13627
4.28852411764706	3.13527
4.2985437254902	3.13427
4.30854411764706	3.13425
4.31854470588235	3.13422
4.32854509803922	3.1342
4.33855549019608	3.13367
4.34856588235294	3.13314
4.35856843137255	3.13301
4.36857117647059	3.13287
4.3785737254902	3.13274
4.38857431372549	3.13271
4.39857490196078	3.13268
4.40860137254902	3.13133
4.41862764705882	3.12999
4.42865392156863	3.12865
4.43878921568628	3.12175
4.44892450980392	3.11485
4.45903431372549	3.10925
4.46914411764706	3.10365
4.47920470588235	3.10056
4.48926509803922	3.09748
4.49932568627451	3.09439
4.50944176470588	3.08847
4.51955764705882	3.08256
4.52967352941177	3.07665
4.53978941176471	3.07074
4.54990529411765	3.06483
4.55996705882353	3.06168
4.57002882352941	3.05853
4.58011274509804	3.05425
4.59019666666667	3.04997
4.60025098039216	3.0472
4.61032392156863	3.04348
4.62039666666667	3.03977
4.63050137254902	3.03443
4.64060921568627	3.02893
4.65071705882353	3.02343
4.66081019607843	3.01868
4.67094509803922	3.0118
4.68109215686275	3.0043
4.69115588235294	3.00105
4.70127235294118	2.99511
4.71141137254902	2.98802
4.72154058823529	2.98143
4.73170431372549	2.97308
4.74187117647059	2.96457
4.75198862745098	2.95858
4.76213352941176	2.95119
4.77227843137255	2.9438
4.78246274509804	2.9344
4.79264705882353	2.925
4.80283901960784	2.91521
4.81303117647059	2.90541
4.82322333333333	2.89561
4.83340450980392	2.88637
4.84358549019608	2.87714
4.85379882352941	2.86626
4.86401215686275	2.85538
4.87416470588235	2.8476
4.88431745098039	2.83981
4.89453039215686	2.82895
4.90465098039216	2.8228
4.91477156862745	2.81665
4.92487568627451	2.81134
4.93497980392157	2.80603
4.94508392156863	2.80072
4.95515568627451	2.79706
4.96522764705882	2.79339
4.97529941176471	2.78973
4.98537117647059	2.78607
4.9954431372549	2.7824
5.00551490196078	2.77874
5.01558666666667	2.77508
5.02565862745098	2.77141
5.03573039215686	2.76775
5.04580215686275	2.76409
5.05587392156863	2.76043
5.06594588235294	2.75676
5.07601764705882	2.7531
5.08612392156863	2.74768
5.09614529411765	2.74659
5.10617294117647	2.74518
5.11625333333333	2.74108
5.12634352941176	2.73648
5.1363468627451	2.73631
5.14634666666667	2.73632
5.15635941176471	2.73567
5.16642549019608	2.7323
5.17649156862745	2.72893
5.18655745098039	2.72557
5.19663784313726	2.72147
5.20672490196078	2.71703
5.21680411764706	2.71299
5.22689588235294	2.70831
5.23702	2.70198
5.24711607843137	2.69708
5.2571862745098	2.6935
5.26725450980392	2.69002
5.27731019607843	2.68718
5.28735941176471	2.68467
5.29748784313725	2.67812
5.30761921568628	2.67142
5.31770568627451	2.66701
5.32778901960784	2.66276
5.33787882352941	2.65818
5.34827	2.63823
5.35872215686275	2.61517
5.36889647058824	2.60628
5.37905450980392	2.59822
5.38920941176471	2.59032
5.39935568627451	2.58286
5.40945705882353	2.57769
5.41955823529412	2.57253
5.42963235294118	2.56875
5.4396931372549	2.56565
5.44985333333333	2.55748
5.46001705882353	2.54913
5.47012098039216	2.54383
5.48022745098039	2.5384
5.49033137254902	2.5331
5.50040745098039	2.52922
5.51047980392157	2.52553
5.52055235294118	2.52183
5.53064215686275	2.51725
5.54074117647059	2.5122
5.55084411764706	2.50695
5.56092490196078	2.50283
5.57119823529412	2.48889
5.58147176470588	2.47494
5.59174803921569	2.46085
5.60193725490196	2.4512
5.61215235294118	2.44023
5.62245058823529	2.42502
5.63275862745098	2.40931
5.6430437254902	2.39477
5.65324215686275	2.38465
5.66343784313726	2.37467
5.67357882352941	2.36748
5.68371960784314	2.3603
5.69380823529412	2.35578
5.7038968627451	2.35126
5.71398882352941	2.34657
5.72415254901961	2.33822
5.7343162745098	2.32987
5.74446058823529	2.32251
5.75460509803922	2.31514
5.76475235294118	2.30763
5.7749062745098	2.29978
5.78506019607843	2.29193
5.79525882352941	2.2818
5.80545745098039	2.27167
5.81554725490196	2.26709
5.82564352941176	2.26218
5.83573980392157	2.25727
5.84615980392157	2.23585
5.85657980392157	2.21443
5.8670137254902	2.1923
5.87724862745098	2.18032
5.8874837254902	2.16833
5.89774666666667	2.15492
5.90795196078431	2.14445
5.91805647058824	2.13912
5.92812882352941	2.13543
5.93820137254902	2.13173
5.9483231372549	2.12552
5.95842254901961	2.12045
5.96849843137255	2.11658
5.97857431372549	2.11271
5.98865039215686	2.10883
5.99878823529412	2.1018
6.00890352941176	2.09592
6.01899666666667	2.09117
6.02908960784314	2.08643
6.03916078431373	2.0828
6.04925490196078	2.078
6.05932	2.07468
6.06950588235294	2.0652
6.07969509803922	2.05555
6.08974882352941	2.05281
6.0997962745098	2.05039
6.1098337254902	2.04848
6.11991666666667	2.04425
6.13000333333333	2.03983
6.14013156862745	2.03329
6.15026647058824	2.02641
6.16040431372549	2.01938
6.17053274509804	2.01283
6.18065137254902	2.00678
6.19074705882353	2.0019
6.20084960784314	1.99667
6.21090215686275	1.99399
6.22095470588235	1.99131
6.2310162745098	1.98817
6.24105823529412	1.98603
6.2511	1.9839
6.26114823529412	1.98144
6.2711962745098	1.97899
6.28124117647059	1.9767
6.29129862745098	1.97377
6.3013562745098	1.97083
6.31139803921569	1.9687
6.32143980392157	1.96657
6.33148490196079	1.96427
6.34165490196078	1.9556
6.35182490196078	1.94693
6.36187901960784	1.94417
6.37193333333333	1.9414
6.38199098039216	1.93846
6.39204843137255	1.93553
6.40210588235294	1.9326
6.41214274509804	1.93072
6.42216941176471	1.92936
6.43219607843137	1.928
6.44227607843137	1.92392
6.4523562745098	1.91983
6.4624568627451	1.9147
6.47251862745098	1.91155
6.48258039215686	1.9084
6.49274411764706	1.90005
6.50290784313726	1.8917
6.51294	1.89006
6.52296882352941	1.88859
6.53299745098039	1.88713
6.54315137254902	1.87928
6.55328921568627	1.87225
6.56337901960784	1.86767
6.5734562745098	1.86373
6.58351725490196	1.86062
6.59358803921569	1.85701
6.60365196078431	1.85375
6.61382156862745	1.8451
6.62399156862745	1.83643
6.63405137254902	1.83338
6.64411117647059	1.83033
6.65416470588235	1.8276
6.66424176470588	1.82367
6.67433784313725	1.81877
6.68437647058824	1.8168
6.69441509803922	1.81483
6.70445333333333	1.81288
6.71458784313726	1.80602
6.72473588235294	1.79847
6.73484156862745	1.79308
6.74494705882353	1.7877
6.75506450980392	1.78171
6.76518215686275	1.77571
6.77531235294118	1.76907
6.78542117647059	1.76352
6.79553	1.75797
6.80566490196078	1.75109
6.81579960784314	1.74422
6.82595431372549	1.73633
6.83606921568627	1.73047
6.84618431372549	1.7246
6.85644705882353	1.7112
6.86670980392157	1.6978
6.87676784313726	1.69484
6.88681882352941	1.69224
6.89687	1.68963
6.90695039215686	1.68553
6.91703078431373	1.68143
6.92710980392157	1.6774
6.93714745098039	1.67548
6.94718490196078	1.67357
6.95724901960784	1.6703
6.9673131372549	1.66703
6.97748588235294	1.65822
6.98764294117647	1.65021
6.9978	1.6422
7.00791235294118	1.63647
7.01802490196078	1.63073
7.02809058823529	1.62738
7.03815058823529	1.62432
7.04821039215686	1.62127
7.05832588235294	1.61538
7.06844117647059	1.6095
7.07853764705882	1.60458
7.08863058823529	1.59984
7.09872352941177	1.5951
7.10881215686274	1.59058
7.11890098039216	1.58605
7.12905529411765	1.57818
7.13920960784314	1.57031
7.14936392156863	1.56244
7.15942098039216	1.55953
7.16947784313726	1.55663
7.17951882352941	1.55454
7.18956647058824	1.55211
7.19961431372549	1.54967
7.20966137254902	1.54727
7.21970843137255	1.54487
7.22974058823529	1.54323
7.23977058823529	1.5417
7.2498005882353	1.54017
7.25997294117647	1.53138
7.27014509803922	1.5226
7.28019176470588	1.52022
7.29023666666667	1.51793
7.30026019607843	1.51673
7.3102837254902	1.51553
7.32031333333333	1.51402
7.33036176470588	1.51155
7.34040588235294	1.5093
7.35045921568627	1.50658
7.36051235294118	1.50387
7.37071745098039	1.49341
7.38092235294118	1.48296
7.39112745098039	1.4725
7.40122098039216	1.46773
7.41131431372549	1.46297
7.42134392156863	1.46146
7.4313737254902	1.45994
7.44140333333333	1.45843
7.45147490196078	1.45478
7.46154666666667	1.45112
7.47161509803922	1.44763
7.48165039215686	1.44583
7.49167294117647	1.44468
7.50169235294118	1.44369
7.51171176470588	1.4427
7.52174705882353	1.4409
7.53178431372549	1.439
7.54195921568627	1.43008
7.55213392156863	1.42117
7.56223764705882	1.41588
7.57234117647059	1.4106
7.58243529411765	1.4058
7.5924868627451	1.40317
7.60253862745098	1.40053
7.61257588235294	1.39863
7.6226131372549	1.39673
7.63280960784314	1.38671
7.64300607843137	1.37669
7.65320254901961	1.36667
7.66329156862745	1.36213
7.67338490196079	1.35737
7.68342352941176	1.3554
7.6934831372549	1.35236
7.70353882352941	1.34952
7.71359431372549	1.34669
7.72362823529412	1.34496
7.73366352941176	1.34316
7.74369862745098	1.34137
7.75373725490196	1.3394
7.76377588235294	1.33743
7.77380784313726	1.3358
7.78383980392157	1.33417
7.79387196078431	1.33253
7.80405019607843	1.32344
7.81422862745098	1.31434
7.82436901960784	1.30718
7.83452941176471	1.299
7.84458176470588	1.29633
7.85461156862745	1.29481
7.86464137254902	1.29329
7.87467	1.29183
7.88470941176471	1.28982
7.89475274509804	1.28761
7.90479607843137	1.2854
7.91481725490196	1.28432
7.92483843137255	1.28324
7.93485941176471	1.28217
7.94498450980392	1.27579
7.95510960784314	1.26941
7.97523470588235	1.26303
8.0	1.26303
