0	0
0.0103305785123964	1.80092100831628
0.0206611570247937	3.28209280033162
0.03099173553719	4.41530220990181
0.0413223140495864	5.20054923702686
0.0723140495867765	6.82745019301018
0.113636363636364	7.37282701624394
0.237603305785124	7.30112049534962
0.330578512396694	7.10036344390861
0.464876033057851	7.02420399492215
0.609504132231405	6.95810124614627
0.743801652892562	6.85574385716876
0.929752066115702	6.8856224994726
1.08471074380165	6.89650638617581
1.22933884297521	6.809152161603
1.39462809917355	6.7246496023213
1.5599173553719	6.67418197362626
1.83884297520661	6.48754944564967
2.35537190082645	6.00288435797128
2.43801652892562	5.80732661467914
2.87190082644628	5.33854814891577
3.41942148760331	4.92711080597943
3.93595041322314	4.61767532837638
4.45247933884297	4.35967609925392
5	4.20489028213166
5.52685950413223	4.07203135405825
6.06404958677686	4.00369246639043
6.60123966942149	3.86274522503631
7.11776859504132	3.69857989310909
7.65495867768595	3.56351086510928
8.19214876033058	3.36371751477865
8.72933884297521	3.21191973885334
9.25619834710744	3.10650687384464
9.76239669421488	2.98768380379951
10	2.96238244514107
