0	0
0.00322921568627451	0.34531
0.00539901960784314	0.74465
0.00756882352941176	1.14399
0.0102386274509804	1.51783
0.0135037254901961	1.86131
0.0169180392156863	2.19718
0.0201972549019608	2.53994
0.0241882352941176	2.8464
0.0262156862745098	3.253
0.0305411764705882	3.5424
0.0332029411764706	3.91665
0.0373460784313725	4.21535
0.0482313725490196	4.1702
0.0526039215686275	4.4572
0.0556705882352941	4.8108
0.0685549019607843	4.6637
0.0847872549019608	4.34585
0.105030392156863	3.82345
0.121282352941176	3.5046
0.137773529411765	3.17355
0.15253431372549	2.93075
0.165516666666667	2.77865
0.178458823529412	2.6286
0.190440196078431	2.52755
0.202691176470588	2.41275
0.213864705882353	2.3529
0.225047058823529	2.2926
0.235499019607843	2.26955
0.246374509803922	2.2249
0.257028431372549	2.19155
0.268163725490196	2.13365
0.278807843137255	2.1008
0.289269607843137	2.07725
0.299662745098039	2.0572
0.309557843137255	2.06255
0.319596078431373	2.0606
0.329740196078431	2.05325
0.339461764705882	2.06745
0.349433333333333	2.0689
0.359490196078431	2.066
0.369471568627451	2.06695
0.379451960784314	2.06795
0.389413725490196	2.0699
0.399403921568627	2.0704
0.409009803921569	2.0905
0.418855882352941	2.09835
0.428538235294118	2.11455
0.438451960784314	2.11895
0.44838431372549	2.1224
0.458230392156863	2.13025
0.468	2.142
0.477864705882353	2.1489
0.487682352941177	2.1582
0.497644117647059	2.16015
0.507490196078431	2.168
0.517306862745098	2.17735
0.526999019607843	2.19305
0.536894117647059	2.1984
0.546700980392157	2.20825
0.556499019607843	2.21855
0.566307843137255	2.2283
0.576124509803922	2.23765
0.585942156862745	2.24695
0.595788235294118	2.2548
0.605576470588235	2.2656
0.615335294117647	2.2779
0.62518137254902	2.28575
0.634912745098039	2.29945
0.644614705882353	2.31465
0.654412745098039	2.32495
0.664297058823529	2.33085
0.674104901960784	2.34065
0.683883333333333	2.35195
0.693671568627451	2.36275
0.703460784313725	2.3735
0.713305882352941	2.3814
0.723113725490196	2.3912
0.732989215686275	2.39755
0.742749019607843	2.4098
0.752575490196078	2.41865
0.762353921568627	2.42995
0.772046078431373	2.44565
0.781853921568627	2.45545
0.791749019607843	2.4608
0.801547058823529	2.4711
0.811314705882353	2.48295
0.821151960784314	2.49125
0.831017647058824	2.4981
0.840777450980392	2.51035
0.85058431372549	2.5202
0.860469607843137	2.52605
0.870305882352941	2.5344
0.880161764705882	2.54175
0.890007843137255	2.5496
0.899882352941176	2.556
0.909776470588235	2.5614
0.919574509803921	2.5717
0.929392156862745	2.581
0.939257843137255	2.58785
0.948998039215686	2.6011
0.958853921568628	2.60845
0.968680392156863	2.6173
0.978478431372549	2.6276
0.988314705882353	2.63595
0.998112745098039	2.64625
1.00796764705882	2.65365
1.01779509803922	2.66245
1.02761274509804	2.67175
1.03745882352941	2.6796
1.04727549019608	2.68895
1.05710294117647	2.69775
1.06693039215686	2.70655
1.07668921568627	2.71885
1.08651666666667	2.72765
1.09639117647059	2.73405
1.10628529411765	2.73945
1.11610294117647	2.74875
1.12593039215686	2.75755
1.13552647058824	2.77815
1.14528529411765	2.79045
1.15499705882353	2.80515
1.16479509803922	2.81545
1.17454509803922	2.8282
1.18440980392157	2.8351
1.19404509803922	2.8537
1.20376568627451	2.86795
1.21346764705882	2.88315
1.22330392156863	2.8915
1.23305392156863	2.90425
1.2429	2.9121
1.25266960784314	2.92385
1.26250588235294	2.9322
1.27229411764706	2.943
1.28214019607843	2.95085
1.29194803921569	2.96065
1.30179411764706	2.9685
1.31152450980392	2.98225
1.32132254901961	2.99255
1.33116862745098	3.0004
1.34096666666667	3.0107
1.35081274509804	3.01855
1.36066862745098	3.0259
1.3704568627451	3.0367
1.38032254901961	3.04355
1.39011078431373	3.05435
1.39997549019608	3.06125
1.40976470588235	3.072
1.41963921568627	3.0784
1.42942843137255	3.08915
1.43931274509804	3.09505
1.44911960784314	3.1049
1.45899509803922	3.11125
1.46884117647059	3.1191
1.4787068627451	3.12595
1.48853333333333	3.1348
1.4985137254902	3.1358
1.50832156862745	3.1456
1.5182068627451	3.15145
1.52801470588235	3.16125
1.53791764705882	3.1662
1.54775490196078	3.1745
1.55765882352941	3.1794
1.5675431372549	3.1853
1.57743725490196	3.1907
1.58739901960784	3.19265
1.59736960784314	3.19415
1.60747549019608	3.18875
1.61741862745098	3.19165
1.62722549019608	3.2015
1.63709117647059	3.20835
1.64688921568627	3.21865
1.65677352941176	3.22455
1.6666	3.2334
1.67647549019608	3.23975
1.68630196078431	3.2486
1.69612843137255	3.25745
1.70602352941176	3.2628
1.71584117647059	3.2721
1.72571568627451	3.2785
1.73553333333333	3.2878
1.74541764705882	3.2937
1.75517647058824	3.306
1.76505196078431	3.31235
1.77488921568627	3.32065
1.78477254901961	3.3266
1.79462843137255	3.33395
1.80453235294118	3.33885
1.81445588235294	3.34275
1.82436862745098	3.3472
1.83424411764706	3.35355
1.84409901960784	3.36095
1.85399411764706	3.3663
1.86385882352941	3.3732
1.8737431372549	3.3791
1.88362843137255	3.38495
1.89347450980392	3.3928
1.90336862745098	3.3982
1.91321470588235	3.40605
1.92310882352941	3.41145
1.93296568627451	3.41875
1.94285	3.42465
1.9527637254902	3.42905
1.96261862745098	3.43645
1.97252254901961	3.44135
1.98242647058824	3.44625
1.9922637254902	3.45455
2.0021568627451	3.46
2.01202254901961	3.46685
2.02194509803922	3.4708
2.03178235294118	3.4791
2.04169607843137	3.4835
2.05154215686274	3.49135
2.06144607843137	3.49625
2.07130098039216	3.50365
2.08121470588235	3.50805
2.09102254901961	3.51785
2.10092647058824	3.52275
2.11080098039216	3.52915
2.12071470588235	3.53355
2.13061862745098	3.53845
2.14056960784314	3.54095
2.15043529411765	3.5478
2.16034901960784	3.5522
2.17022450980392	3.55855
2.18013725490196	3.563
2.19003235294118	3.56835
2.20017549019608	3.56105
2.20997352941176	3.57135
2.21987745098039	3.57625
2.2297431372549	3.5831
2.23966568627451	3.58705
2.24987745098039	3.57625
2.25973333333333	3.5836
2.26967549019608	3.58655
2.27952156862745	3.5944
2.28943529411765	3.5988
2.29935294117647	3.603
2.30925980392157	3.60775
2.31922549019608	3.6095
2.32913333333333	3.6142
2.33908823529412	3.6165
2.34898333333333	3.62185
2.35900156862745	3.62092
2.36891392156863	3.62539
2.37884490196078	3.62891
2.3887668627451	3.63289
2.39868803921569	3.63691
2.40861019607843	3.64088
2.41853137254902	3.6449
2.42845490196078	3.6488
2.43835784313725	3.65375
2.44831078431373	3.65615
2.45826176470588	3.65865
2.4682137254902	3.6611
2.4781362745098	3.66505
2.48809901960784	3.66695
2.49802156862745	3.6709
2.50797352941176	3.67335
2.51792549019608	3.6758
2.52793529411765	3.6753
2.53785784313725	3.67925
2.54780980392157	3.6817
2.55773333333333	3.6856
2.56767549019608	3.68855
2.57758921568627	3.69295
2.58761764705882	3.6915
2.59758921568627	3.69295
2.60751176470588	3.6969
2.61747352941176	3.69885
2.62744411764706	3.70035
2.63739705882353	3.70275
2.64753137254902	3.6959
2.65749215686274	3.6979
2.66742549019608	3.7013
2.67742549019608	3.7013
2.68738725490196	3.70325
2.69735784313725	3.70475
2.70734803921569	3.70525
2.71734901960784	3.7052
2.72732843137255	3.70625
2.73734803921569	3.70525
2.74741568627451	3.7018
2.75737647058824	3.7038
2.76730980392157	3.7072
2.77725196078431	3.71015
2.78717549019608	3.71405
2.79709803921569	3.718
2.80701176470588	3.7224
2.81697352941177	3.72435
2.82695490196078	3.7253
2.83695392156863	3.72535
2.84691568627451	3.7273
2.85700196078431	3.7229
2.86692450980392	3.72685
2.8768862745098	3.7288
2.88683823529412	3.73125
2.89679019607843	3.7337
2.90678137254902	3.73415
2.91674215686274	3.73615
2.92681862745098	3.73225
2.93686666666667	3.7298
2.94682941176471	3.7317
2.95689607843137	3.7283
2.96688725490196	3.72875
2.97694411764706	3.72585
2.98690588235294	3.7278
2.99685784313725	3.73025
3.00682843137255	3.73175
3.0168	3.7332
3.02676176470588	3.73515
3.03676176470588	3.73515
3.04673333333333	3.7366
3.05669411764706	3.7386
3.06666470588235	3.7401
3.0766362745098	3.74155
3.08660784313725	3.743
3.09659803921569	3.7435
3.10655	3.74595
3.11651176470588	3.7479
3.12650196078431	3.7484
3.1364931372549	3.74885
3.1464637254902	3.75035
3.15646274509804	3.7504
3.16649215686275	3.7489
3.17600058823529	3.77397
3.18550921568627	3.79903
3.19500784313725	3.8246
3.2045937254902	3.84572
3.21421705882353	3.86493
3.22374509803922	3.889
3.2332568627451	3.9139
3.24276862745098	3.9388
3.25228039215686	3.9637
3.26220411764706	3.96759
3.27212784313725	3.97148
3.28205156862745	3.97537
3.29197549019608	3.97925
3.30189960784314	3.98312
3.31182352941176	3.987
3.32174431372549	3.99104
3.33166509803922	3.99508
3.34158588235294	3.99912
3.35145862745098	4.00561
3.36133137254902	4.0121
3.37120411764706	4.01859
3.38093980392157	4.03207
3.39067549019608	4.04555
3.40041117647059	4.05903
3.4101468627451	4.07251
3.41995529411765	4.08228
3.42987764705882	4.08624
3.43979980392157	4.09021
3.44984450980392	4.08793
3.45988901960784	4.08566
3.46993352941176	4.08339
3.47994568627451	4.08277
3.48995803921569	4.08214
3.49997019607843	4.08152
3.50997294117647	4.08138
3.51997568627451	4.08124
3.52997823529412	4.08111
3.54001549019608	4.07921
3.55005274509804	4.07731
3.56009	4.07541
3.57012705882353	4.07352
3.58015862745098	4.07191
3.59019	4.07031
3.60022156862745	4.0687
3.61033274509804	4.06303
3.62044392156863	4.05736
3.63055529411765	4.05168
3.64060529411765	4.04913
3.65065549019608	4.04657
3.66070549019608	4.04402
3.67076803921569	4.04083
3.68083039215686	4.03765
3.69089294117647	4.03446
3.70095529411765	4.03128
3.71098	4.03002
3.72100450980392	4.02877
3.73102921568627	4.02751
3.74106333333333	4.02577
3.75109745098039	4.02403
3.76113156862745	4.02229
3.77117450980392	4.0201
3.78121764705882	4.0179
3.79129333333333	4.01404
3.80136901960784	4.01018
3.81149666666667	4.00367
3.82162450980392	3.99715
3.83175235294118	3.99063
3.84187980392157	3.98413
3.85200725490196	3.97763
3.86213470588235	3.97113
3.87221431372549	3.96707
3.88229411764706	3.963
3.89237392156863	3.95893
3.90245411764706	3.95484
3.91253450980392	3.95074
3.92261470588235	3.94665
3.93269509803922	3.94255
3.94278137254902	3.93815
3.95286764705882	3.93375
3.96295392156863	3.92935
3.97309941176471	3.92193
3.98324509803921	3.9145
3.99339058823529	3.90708
4.00349137254902	3.90194
4.01359215686275	3.8968
4.02369294117647	3.89166
4.0337762745098	3.88741
4.04385960784314	3.88316
4.05394294117647	3.87891
4.0640262745098	3.87466
4.07411764705882	3.87
4.08420901960784	3.86534
4.09430019607843	3.86069
4.10438823529412	3.8562
4.1144762745098	3.85171
4.12456431372549	3.84722
4.13465235294118	3.84273
4.14473705882353	3.83841
4.15482196078431	3.83408
4.1649837254902	3.82583
4.17516470588235	3.8166
4.18534588235294	3.80736
4.1955268627451	3.79813
4.20570647058824	3.78897
4.21588607843137	3.77981
4.22606549019608	3.77066
4.23624509803922	3.7615
4.24653176470588	3.74688
4.25681823529412	3.73227
4.26710490196078	3.71765
4.27750431372549	3.69728
4.2879037254902	3.67691
4.2983031372549	3.65654
4.30857705882353	3.64257
4.31885078431373	3.62861
4.32912470588235	3.61464
4.33932176470588	3.60459
4.34951901960784	3.59453
4.35971196078431	3.58469
4.36988019607843	3.57611
4.38004843137255	3.56753
4.3902168627451	3.55894
4.40038509803922	3.55036
4.41056196078431	3.54134
4.42073901960784	3.53231
4.43091588235294	3.52329
4.44109294117647	3.51426
4.45126980392157	3.50524
4.4614468627451	3.49621
4.4716237254902	3.48719
4.48180078431373	3.47816
4.49197764705882	3.46914
4.5021931372549	3.45815
4.51240862745098	3.44716
4.52262411764706	3.43617
4.5328331372549	3.42551
4.54304215686275	3.41485
4.55317078431373	3.40829
4.56329921568628	3.40174
4.57341509803922	3.39583
4.58353078431373	3.38993
4.59364666666667	3.38402
4.60375588235294	3.37845
4.61386509803922	3.37288
4.62397431372549	3.36731
4.63409666666667	3.36107
4.64421901960784	3.35483
4.65434137254902	3.34859
4.66451058823529	3.33996
4.67467980392157	3.33133
4.68484901960784	3.3227
4.69501823529412	3.31407
4.70512450980392	3.30865
4.71523078431373	3.30323
4.72533705882353	3.29781
4.7354431372549	3.2924
4.74553745098039	3.28759
4.75563196078431	3.28277
4.76571529411765	3.27852
4.77579862745098	3.27427
4.78588196078431	3.27002
4.79596529411765	3.26577
4.80606	3.26094
4.81615470588235	3.25611
4.82624941176471	3.25128
4.83634058823529	3.24663
4.84643176470588	3.24198
4.85652294117647	3.23733
4.86661117647059	3.23283
4.87669941176471	3.22833
4.88678764705882	3.22383
4.89687588235294	3.21933
4.90695431372549	3.21533
4.91703274509804	3.21133
4.92714215686275	3.20575
4.93725803921569	3.19984
4.94737392156863	3.19393
4.95749	3.18801
4.96762235294118	3.18126
4.97775450980392	3.17452
4.9878868627451	3.16777
4.9980731372549	3.15827
5.00825921568628	3.14878
5.01844549019608	3.13928
5.02859058823529	3.13188
5.03873568627451	3.12448
5.0488805882353	3.11709
5.05904784313726	3.10856
5.06921490196078	3.10004
5.07931823529412	3.09477
5.08942156862745	3.0895
5.09952490196079	3.08423
5.10966705882353	3.07698
5.11980941176471	3.06972
5.12995156862745	3.06247
5.14009392156863	3.05521
5.1502362745098	3.04795
5.16037843137255	3.0407
5.17052078431373	3.03344
5.18066294117647	3.02619
5.19080529411765	3.01893
5.20096607843137	3.01073
5.2111268627451	3.00253
5.22128764705882	2.99433
5.23144862745098	2.98612
5.24160941176471	2.97792
5.25177019607843	2.96972
5.26193098039216	2.96152
5.27209176470588	2.95332
5.28226843137255	2.94431
5.29244529411765	2.93529
5.30262196078431	2.92628
5.31280803921569	2.91679
5.32299431372549	2.90729
5.33318058823529	2.89779
5.34338843137255	2.88719
5.3535962745098	2.87659
5.36380431372549	2.86598
5.37401215686274	2.85538
5.38419509803922	2.84605
5.39425960784314	2.84276
5.40432411764706	2.83947
5.41439529411765	2.83584
5.4244662745098	2.83222
5.43453745098039	2.82859
5.44463431372549	2.82365
5.45473117647059	2.81871
5.46482803921569	2.81377
5.47492490196079	2.80883
5.48499274509804	2.80537
5.49506058823529	2.80191
5.50512823529412	2.79846
5.51522196078431	2.79368
5.52531549019608	2.78891
5.53540921568627	2.78413
5.54552764705882	2.77809
5.55564607843137	2.77205
5.56579921568627	2.76424
5.57595235294118	2.75643
5.58604549019608	2.75168
5.59613843137255	2.74694
5.60623156862745	2.74219
5.61632117647059	2.73762
5.62641098039216	2.73304
5.63650078431373	2.72846
5.6466	2.7234
5.65669921568628	2.71834
5.66679843137255	2.71328
5.67687960784314	2.70914
5.68696058823529	2.70501
5.69704176470588	2.70087
5.70712294117647	2.69673
5.71725411764706	2.69004
5.72738549019608	2.68334
5.73751666666667	2.67665
5.74757607843137	2.67362
5.75763568627451	2.67058
5.76769509803922	2.66755
5.77775098039216	2.6647
5.7878068627451	2.66185
5.79786274509804	2.659
5.80791823529412	2.65617
5.8179737254902	2.65334
5.82802921568627	2.65051
5.83808470588235	2.64768
5.8481437254902	2.64467
5.85820294117647	2.64165
5.86826215686274	2.63863
5.87832784313726	2.63528
5.88839352941177	2.63193
5.89845921568628	2.62858
5.90854078431373	2.62442
5.91862254901961	2.62025
5.92868862745098	2.61688
5.93874274509804	2.61412
5.94879705882353	2.61135
5.95885117647059	2.60859
5.96890529411765	2.60583
5.97893647058824	2.60424
5.98896764705882	2.60265
5.99899882352941	2.60106
6.00905509803922	2.59819
6.01911156862745	2.59531
6.02916784313726	2.59244
6.03922215686274	2.58967
6.04927666666667	2.58689
6.05933098039216	2.58412
6.06938529411765	2.58135
6.07943215686275	2.57896
6.08947901960784	2.57657
6.09958529411765	2.57115
6.10969156862745	2.56573
6.11979764705882	2.56032
6.12990392156863	2.5549
6.14001019607843	2.54948
6.15011666666667	2.54405
6.16022294117647	2.53863
6.17032941176471	2.5332
6.18045490196078	2.5268
6.19058039215686	2.5204
6.20070588235294	2.514
6.21081529411765	2.50842
6.22092490196078	2.50283
6.23103431372549	2.49725
6.24112862745098	2.49244
6.25122294117647	2.48763
6.26131745098039	2.48281
6.27141176470588	2.478
6.28156607843137	2.47013
6.29172039215686	2.46226
6.30187450980392	2.4544
6.31196470588235	2.4498
6.32205490196079	2.4452
6.33214529411765	2.44059
6.34224333333333	2.43559
6.35234156862745	2.43058
6.36243960784314	2.42558
6.37253784313725	2.42057
6.38263411764706	2.41566
6.39273058823529	2.41074
6.40282705882353	2.40582
6.41291078431373	2.40155
6.42299431372549	2.39729
6.43307803921569	2.39302
6.44315705882353	2.38899
6.45322019607843	2.38577
6.46328333333333	2.38255
6.47334647058823	2.37933
6.48350431372549	2.37128
6.49366196078431	2.36324
6.50381960784314	2.3552
6.51390960784314	2.35061
6.52399960784314	2.34602
6.53408960784314	2.34143
6.54416725490196	2.33747
6.55424490196078	2.33351
6.56432254901961	2.32955
6.57436137254902	2.32757
6.58440039215686	2.32558
6.59443921568627	2.3236
6.60447803921569	2.32162
6.61451705882353	2.31963
6.6245562745098	2.31763
6.63458901960784	2.31596
6.64478862745098	2.30578
6.65498823529412	2.2956
6.66518784313725	2.28542
6.67526549019608	2.28146
6.6853431372549	2.2775
6.69542078431373	2.27354
6.7054537254902	2.27186
6.71548666666667	2.27018
6.72551960784314	2.2685
6.73555274509804	2.26681
6.74558235294118	2.2653
6.75561196078431	2.26379
6.76564156862745	2.26228
6.77567764705882	2.26044
6.78571392156863	2.25859
6.79575	2.25675
6.80579431372549	2.25449
6.81583862745098	2.25223
6.82588274509804	2.24998
6.83591568627451	2.2483
6.84594862745098	2.24662
6.85598156862745	2.24494
6.86601450980392	2.24326
6.87605882352941	2.241
6.8861031372549	2.23874
6.89614745098039	2.23648
6.90618549019608	2.23454
6.91622352941176	2.2326
6.92626156862745	2.23066
6.93630431372549	2.22848
6.94634705882353	2.2263
6.95638980392157	2.22412
6.96643254901961	2.22194
6.9764768627451	2.21968
6.9865568627451	2.2156
6.99663666666667	2.21153
7.00671352941176	2.20761
7.01679019607843	2.2037
7.0268668627451	2.19979
7.03693725490196	2.1962
7.04700784313726	2.1926
7.05707823529412	2.18901
7.06715176470588	2.18526
7.07722529411765	2.18151
7.08729882352941	2.17776
7.09737235294118	2.17401
7.10745235294118	2.16993
7.11753235294118	2.16585
7.12761235294118	2.16177
7.13769215686274	2.1577
7.14777215686275	2.15362
7.15782019607843	2.15117
7.16786470588235	2.1489
7.17790941176471	2.14662
7.18795411764706	2.14434
7.19800843137255	2.14157
7.20806294117647	2.13879
7.21811725490196	2.13602
7.22819392156863	2.13211
7.23827058823529	2.1282
7.24834725490196	2.12429
7.25840078431373	2.12156
7.26845431372549	2.11883
7.27850764705882	2.11611
7.28856117647059	2.11338
7.29861882352941	2.11044
7.30867647058824	2.1075
7.31873431372549	2.10455
7.32879823529412	2.10129
7.33886215686275	2.09803
7.34894333333333	2.09389
7.35902156862745	2.0899
7.36909980392157	2.08591
7.37917784313725	2.08193
7.38925607843137	2.07794
7.39933745098039	2.07379
7.40941862745098	2.06965
7.4195	2.0655
7.42956529411765	2.06217
7.43963058823529	2.05884
7.44969588235294	2.05551
7.45976117647059	2.05218
7.46982647058824	2.04885
7.47989156862745	2.04553
7.48994803921569	2.04265
7.50000431372549	2.03978
7.51002117647059	2.03892
7.52003784313725	2.03807
7.53008294117647	2.03577
7.54012784313726	2.03348
7.55017274509804	2.03119
7.56021156862745	2.02921
7.57025019607843	2.02724
7.58028901960784	2.02526
7.59030333333333	2.02453
7.60031764705882	2.0238
7.61033196078431	2.02307
7.6203462745098	2.02234
7.63037843137255	2.0207
7.64041058823529	2.01906
7.65044274509804	2.01742
7.66047176470588	2.01594
7.67050058823529	2.01447
7.68052960784314	2.01299
7.69056470588235	2.0112
7.70061843137255	2.00846
7.71067215686275	2.00572
7.72074843137255	2.00183
7.73082470588235	1.99794
7.74090098039216	1.99405
7.75095843137255	1.99112
7.76101568627451	1.9882
7.77107294117647	1.98528
7.78113	1.98237
7.79118705882353	1.97946
7.80124411764706	1.97655
7.81128176470588	1.97463
7.82131941176471	1.97271
7.83135725490196	1.97078
7.84140725490196	1.96823
7.85145725490196	1.96568
7.86153274509804	1.96183
7.87160823529412	1.95798
7.88169725490196	1.95344
7.8917862745098	1.9489
7.90187509803922	1.94437
7.91199607843137	1.9382
7.92211705882353	1.93203
7.93223803921569	1.92586
7.9423037254902	1.92251
7.96236941176471	1.91916
8.0	1.91916
