0.002076253377995	0.036322791129351
0.004501089168079	0.075011001899839
0.006655475856597	0.101919658482075
0.008081118899473	0.12065377086401
0.007685779435655	0.124233588576317
0.008425279857463	0.144734606146813
0.008032818180515	0.15933346003294
0.00955027100647	0.19221343100071
0.009870788011651	0.211425917223096
0.009084258126249	0.211517978459597
0.009057890054801	0.240561924874783
0.010962111848238	0.278043979778886
0.010374309910064	0.305429426953197
0.010052256222573	0.305673945695162
0.010437034487973	0.343785202130676
0.010545901444688	0.371857406571508
0.009403720408573	0.380609044805169
0.008246696418331	0.391259184107185
0.00853360199045	0.426174560561776
0.007402303459054	0.435007037594915
0.007112848391286	0.457205204293132
0.006442023698876	0.470380997285247
0.005540130881543	0.473730405792594
0.005419585139276	0.50433580763638
0.004394303717403	0.52229124121368
0.003555875879455	0.532427290454507
0.002661401046725	0.552748562768097
0.001640946204288	0.572544382885097
0.000708333710602	0.585384527221327
-0.001043819398463	0.588271068409087
-0.001999558960908	0.602124584838747
-0.003202257340342	0.632524909451607
-0.005058744193308	0.650059571489687
-0.007049117984955	0.648470362648367
-0.008784514271926	0.654286006465557
-0.009732388814914	0.666114827618007
-0.011514996173387	0.689023872837427
-0.013310574527536	0.696754036471247
-0.015234102638718	0.702253310009837
-0.018221287319994	0.718350941315297
-0.02137536966993	0.721128052100537
-0.025067186054427	0.743162212893367
-0.028910617103522	0.758364843204617
-0.03394301418014	0.769433798268437
-0.037185036667702	0.773552013561127
-0.036659980262196	0.801314460113647
-0.036162067254212	0.823355978354807
-0.034468978625193	0.838040979579087
-0.032778886526676	0.841236161068087
-0.029078387887131	0.892360275611277
-0.027358854352546	0.919269258156417
-0.025442450859346	0.943571096286177
-0.024454874033415	0.947458157315847
-0.021819701359746	0.982284313067797
-0.01837279022588	1.03946109302342
-0.015853685961022	1.06914094649256
-0.014390450080917	1.08473817817867
-0.011897532279599	1.12834223546088
-0.009845188281357	1.15754478611052
-0.009093296612198	1.15447123534978
-0.006884204033459	1.19804409332574
-0.004925332229157	1.22121279127896
-0.003681164382123	1.2337223161012
-0.000752604130957	1.29026570357383
0.000764604222811	1.31231308914721
0.002618751127715	1.33970775641501
0.004273366819639	1.36370067484677
0.00656076034697	1.39589798636735
0.009376702739602	1.43868611194194
0.011297674370214	1.4605135191232
0.013807195325396	1.49792307056487
0.014651595269592	1.49559141136706
0.018017111135488	1.55307524837554
0.020539016353101	1.5858415979892
0.022555381030539	1.61005617119372
0.023815034444302	1.62057471461594
0.026109713242765	1.65401534177363
0.027763406925303	1.67911224998534
0.029632550452564	1.70823787339032
0.030893537985969	1.72849078662694
0.03258949043202	1.75127689726651
0.035410392117561	1.79919716902078
0.036783794946831	1.81398713029921
0.039278940937498	1.85297247953713
0.041303380181982	1.88172929920256
0.04246794788538	1.88812115229667
0.045443376946988	1.93976336158812
0.048287056455308	1.98553507216275
0.050496051245172	1.99762717820704
0.052664107421326	2.0080226007849
0.054045710546193	2.01433659531176
0.055576469643965	2.0176571328193
0.057471303705474	2.02821590937674
0.060173580501634	2.06409641541541
0.061980537289794	2.0666113588959
0.064066765132962	2.06961077637971
0.065213409532695	2.04716217704118
0.068688462907585	2.08468982018531
0.071162954491028	2.09202379919589
0.073231915612972	2.08688681013882
0.075784142366521	2.09230133332312
0.078696085493985	2.09855479188264
0.081011579352823	2.08371193148196
0.083337508681527	1.99509342201054
0.085996248473889	1.89338442869485
0.08893339319123	1.87850971706212
0.090159861252025	1.83279258199036
0.093018209091482	1.83397033251822
0.094948386846112	1.78904314525426
0.098162071514901	1.76612515933812
0.100744249603648	1.72274713404477
0.102675454141457	1.68693070299924
0.105279383269804	1.66034051217139
0.108871517866846	1.65046774782241
0.11029941005383	1.60292112268508
0.114438526718968	1.59676508046687
0.116556340368517	1.5622450504452
0.117606865289785	1.51359126903117
0.119751871231295	1.49801508523524
0.122734934810013	1.50023293681443
0.123530188859982	1.46328923292458
0.125990570905855	1.45586584694684
0.128729923655193	1.45250768400729
0.131582536875668	1.444097654894
0.134214608245039	1.42605942673982
0.138078023149078	1.42171089537442
0.139664773362275	1.38749671168626
0.141904348130101	1.35950357653201
0.144209141092128	1.33817051537335
0.147872410110264	1.3378965202719
0.150046633970415	1.31726865656674
0.152265149205679	1.28442854620517
0.153787016500814	1.25052058137954
0.157199017006575	1.24315680004657
0.158963931563728	1.21700079180301
0.161730818866087	1.20500479824841
0.164924359026782	1.20178111828864
0.167247990316941	1.19028282351792
0.168854102727238	1.1630688328296
0.171275774348749	1.153275789693
0.17473534914183	1.15989693440497
0.176360097317591	1.13597461022437
0.179035258655907	1.13388565368951
0.181824560565227	1.13240764476359
0.183902490323923	1.10758827067912
0.187611706143116	1.1109592858702
0.189885926112103	1.0860896203667
0.191901215111925	1.06288534589112
0.194400070094894	1.05688995681703
0.196071680096177	1.02856331504882
0.198384903856149	1.00726787932217
0.200661170406575	0.993541581556197
0.202627872305737	0.973468879237767
0.204675229071392	0.949776684865357
0.208802541222424	0.954995537176727
0.211446116754358	0.939019909128547
0.213245089779428	0.919822743162517
0.215219475090136	0.902717607095837
0.219204280911714	0.910258432850237
0.220629441995138	0.885137589648367
0.223701235007397	0.892530893906947
0.226179386688704	0.889974320307377
0.228608888405074	0.883143255487087
0.230896568314109	0.879811635240917
0.232935172975519	0.872163241729137
0.235522862165821	0.869309576228257
0.237738297051547	0.856297696009277
0.240550076432104	0.856291176751257
0.243685606835612	0.859324121847747
0.245600382842548	0.846458924934267
0.247870830954956	0.831675482913847
0.250013008004032	0.825207913294437
0.25402789787428	0.838147429749367
0.255468230203052	0.827913777902727
0.256556201278236	0.809931056573987
0.259584108040717	0.809220736846327
0.261829941296494	0.804304750636217
0.264203263304609	0.796873541548847
0.267512201321834	0.803884817287327
0.268748909274747	0.792418560013177
0.273092174184713	0.805289903655647
0.27634805475274	0.798637373372917
0.277709471459995	0.785954715684057
0.280618648559301	0.793504668399687
0.282108671606029	0.779196666553617
0.284977936874804	0.777843268588187
0.288657871911079	0.788554595783357
0.291174985473855	0.785330915823577
0.292656011944152	0.773145304992797
0.296234064943302	0.781954219564797
0.298641501298691	0.774258049204947
0.301408800711305	0.765500077977777
0.303992089402266	0.773639185354117
0.305289594095282	0.761564867570997
0.307665165247505	0.763670867308977
0.31027780457058	0.754129281267527
0.312789274318327	0.748923374339937
0.315645352058918	0.754913361743097
0.317156497502483	0.738639989867807
0.320660817690451	0.743827177211647
0.322288317924531	0.725813349708917
0.325402642112166	0.727650197222827
0.328515695044437	0.735468277707697
0.330960752176732	0.727368844673037
0.333101001388001	0.729701062664387
0.336146552057363	0.726956082507967
0.337679783816669	0.723302410915497
0.338981549310634	0.713498936966057
0.342152046221604	0.716466410085557
0.343794857399423	0.719833699986337
0.347432086637331	0.716590369120237
0.350211749357618	0.727976346388457
0.362170308879666	0.756415119394657
0.371356414118443	0.758459558710457
0.380491277987114	0.753509486094117
0.390979791332459	0.747166899964217
0.400134143126784	0.737630529329177
0.409614020113636	0.733477296307687
0.421161447268674	0.731091154739257
0.431992333432593	0.729490956291557
0.441802191990669	0.722452579066157
0.449795286933481	0.712722586467867
0.461141743982105	0.720868585631247
0.47261972706659	0.716496398672457
0.481271276409219	0.710895517840977
0.491168795708137	0.710294535383587
0.502432439550113	0.711429910734297
0.512125608041535	0.705623859539627
0.52261581173742	0.712746521458027
0.533882123818678	0.713503593578937
0.543327020328228	0.706910202279687
0.552597601184515	0.706977071240547
0.562250061564571	0.709517160430547
0.573268548698812	0.716004660353067
0.583400733356243	0.710682431235907
0.592721885030353	0.707492930814627
0.603255926081579	0.715718092396857
0.61532625828689	0.722826225683097
0.625758375391473	0.721074314787987
0.63358654241295	0.713143264874817
0.645935992005038	0.721871806308627
0.656195721294163	0.719579262658957
0.665600244968489	0.715233059599997
0.675469796649372	0.717762531712647
0.685086689818882	0.719302101060747
0.693988522800225	0.720756547525527
0.704670700026094	0.728130107745527
0.714979798726875	0.727568427100777
0.725498612653396	0.731987273320557
0.735858617448141	0.720026018097997
0.745484479254403	0.722467573359607
0.756181967424012	0.722734117880467
0.765781202716801	0.718633225187657
0.775882486089969	0.724434154108167
0.785209337458464	0.725250737741587
0.79738598013992	0.735850865021347
0.80685943100075	0.735956011340027
0.817924772975594	0.739432731643317
0.827975178194476	0.736981770023707
0.837632248621462	0.738205714151267
0.848960670607707	0.741465995088217
0.858415709220499	0.745966611430047
0.868731457564729	0.750744668766857
0.879756231126602	0.752503378316757
0.888260119269116	0.748378084972497
0.900389962989327	0.766182644292717
0.910859016348696	0.767108751460907
0.919135391690362	0.759848905727267
0.928777877605245	0.764894904568787
0.941114083789792	0.777347432449457
0.950722259779653	0.780793232843277
0.961042171135961	0.786461820825937
0.971291255407631	0.786701543256637
0.981068634089618	0.789936212822797
0.991256949560865	0.789492065086957
1.00149399183116	0.795742077752947
1.01195837926425	0.802561035379767
1.02247068324571	0.802436145022507
1.03214569094621	0.802531419321897
1.04310153732157	0.813972065225247
1.05561756327602	0.821540458127857
1.06453456750271	0.818635197356347
1.07375765090579	0.820295279845597
1.08637546110849	0.832337560132147
1.095704743229	0.828743306919937
1.10519389618907	0.830874452367427
1.11718191810194	0.838460540398957
1.12750674684164	0.843094708397987
1.13840294200371	0.846725469455127
1.1481928376616	0.849870359525087
1.15861931095115	0.856770155951377
1.17093433885951	0.864864932373167
1.17968353737799	0.860099913552407
1.18955540805218	0.864473218098287
1.20145787866993	0.870291749015447
1.21226751670846	0.876470329239967
1.22155388348301	0.875629717484117
1.23351927425642	0.885131908580657
1.24352430543765	0.885844649747017
1.25255150375578	0.886585982516407
1.26246612213785	0.889488356187937
1.2729092474757	0.893627619370817
1.28307208196029	0.897127157077197
1.29332599979632	0.899619003757837
1.30383813613972	0.906359450891617
1.31581900549493	0.914391549304127
1.32486062068709	0.908472063019867
1.33362418020025	0.911192828789357
1.34557722163582	0.922791520133617
1.35737229212997	0.926439324393867
1.36586573083278	0.922088557854297
1.37659797596227	0.925372121855617
1.38784671398584	0.930572068318727
1.39747131850658	0.930954003706577
1.40879549366171	0.938478717580437
1.41908182152463	0.938991317525507
1.42955227186791	0.941718136891727
1.44104671142295	0.942220399156217
1.45017823650006	0.937834801152347
1.46097932499701	0.943441921845077
1.472636988153	0.949045969173317
1.48157260020548	0.947135919705037
1.49242777991973	0.955173792317507
1.50462177314144	0.963309733197097
1.51410679102912	0.961876055225727
1.52434567731819	0.967038469389077
1.53615728810192	0.973276747390627
1.54654688101604	0.975035177543757
1.55773806330221	0.980188557878137
1.56804428421611	0.982733862474557
1.57757534669372	0.982797658070927
1.58861459300898	0.989500852301717
1.59779149212373	0.986500596627597
1.60964573885664	0.996529730036857
1.6197888479283	0.991177512332797
1.62902760549095	0.995164876803757
1.63810358648748	0.992648443207147
1.65028338635259	1.00075607188046
1.66010848600521	0.993335945531727
1.6706359891717	1.0033764410764
1.68204258637798	1.00710834376514
1.69240904523843	1.0088408831507
1.70295286517708	1.0133735369891
1.71319706000504	1.01431650109589
1.72371992518493	1.01902899332345
1.73385621697507	1.01930000819266
1.74426061791872	1.02124190889299
1.75473615328347	1.02491793222726
1.76773609446705	1.03599703870714
1.77815798564935	1.03503079153598
1.78667791116725	1.02660390548408
1.79985152539148	1.0363404173404
1.81167738541118	1.04256276972592
1.82096475801415	1.04226744733751
1.83172550161556	1.04189035482705
1.84270735983147	1.04523445479572
1.85527015680749	1.05245909653604
1.86469018700331	1.04862353764475
1.87417816649688	1.04690077714622
1.88517147998092	1.05551886372269
1.89571166776138	1.0565905366093
1.90583309564265	1.05553115718067
1.91833425768821	1.06532112695277
1.92954717704413	1.06300548650325
1.93835516064587	1.06107932515443
1.9511299080219	1.07210096903146
1.96249196938088	1.06945834122598
1.97200190946165	1.06798238120973
1.9820487384017	1.07213682495058
1.99421915053488	1.07808844186366
2.0050532078523	1.07827386818827
2.01611871746521	1.0786987375468
2.0261421329548	1.07792909257114
2.03669545238409	1.08225927688182
2.04903311143191	1.08607760630548
2.05810769544453	1.08195641078055
2.07049748993217	1.09333726577461
2.0827656909396	1.09386476688087
2.0925399403776	1.09093352220953
2.1026046507118	1.09001346863807
2.11343608169945	1.08850789256394
2.1238233276806	1.08614102937281
2.13528474253581	1.0947581846267
2.14585555220376	1.08997854404152
2.15759709027417	1.09873027540744
2.16933209045986	1.09882638789714
2.17915299916072	1.09977223910392
2.18963429009921	1.10032786615193
2.20156933838192	1.10508822835982
2.21118483456751	1.1014882940799
2.22180235937767	1.10528194345534
2.23346426936477	1.1098547372967
2.24410101667363	1.11008663661778
2.2541700297183	1.10706523992122
2.26676389561665	1.11303688026965
2.27754034131729	1.11122583039105
2.28876449242391	1.1187291238457
2.29935173062272	1.11582581885159
2.3102441818679	1.11901429481805
2.32256166846795	1.12298135645688
2.33285464597432	1.10248648561538
2.34517436774863	1.10068232752383
2.35628061341259	1.09832962043584
2.36612465616714	1.0910542216152
2.37675380388349	1.09253148548305
2.39047531520029	1.10351801849902
2.40115106630013	1.10114761628211
2.41099991467935	1.09877442009747
2.42330600189063	1.10317864455283
2.43346062210978	1.10058416612447
2.44440649401998	1.09964576549828
2.45547027137283	1.10367112793029
2.46709585977807	1.10572562552989
2.47910042198053	1.10892248339951
2.48867646734029	1.10220038332045
2.49899984321671	1.10157732851804
2.51234405711698	1.11058228649199
2.52324723719865	1.11015108413995
2.53227857058917	1.10375178046525
2.54607831300537	1.11286793835461
2.55791926045137	1.111069181934
2.56749742922669	1.10898748971522
2.58040746052531	1.11547731794417
2.59155863319206	1.11555610783398
2.6034731178715	1.11547154374421
2.61389405910474	1.11331646330655
2.62433522866511	1.11068789847195
2.63692373014521	1.11825470812619
2.64742971975937	1.10997320152819
2.65835893962126	1.11210071481765
2.67033846787192	1.11618810333312
2.6825455368631	1.11720734275878
2.69295440815529	1.11677967943251
2.70396901167425	1.11455381847918
2.71719833761712	1.12139903940261
2.72710127721364	1.11685381270945
2.73672023791935	1.11149740405381
2.74926515350121	1.11622628755868
2.7619450736089	1.12234693951905
2.77219044190335	1.11614284105599
2.78335502561571	1.11873359419406
2.79510634257356	1.11941532231868
2.807686909185	1.11956824548543
2.81700278025991	1.11336731351912
2.82912301273076	1.11883492209018
2.84051100211126	1.11671728082002
2.85107957660493	1.11841470934451
2.86278496073156	1.1219006497413
2.87420670124351	1.12304673530162
2.88624557337099	1.12342764623463
2.89661465856121	1.11908377148211
2.90714299991805	1.11447856761515
2.91928916041041	1.11957942135632
2.93097543379705	1.11773652024567
2.94168583009805	1.11639727838338
2.95312534024544	1.11971464939416
2.96654823227997	1.12491776235402
2.97512213725645	1.11094121821225
2.98792510370761	1.11890421248973
2.99899178678701	1.11739975400269
3.01026410589912	1.11550730653107
3.02202559289989	1.11887981183827
3.03499697973218	1.12097603268922
3.04639648026016	1.12020340748132
3.05760129710936	1.11944493837655
3.07002484272845	1.12201706506312
3.08037615828323	1.11864344216884
3.09290587468006	1.11779090948403
3.10393891838673	1.11845307983458
3.1146772543661	1.11743570305407
3.12836669093214	1.12065193243325
3.13787903382524	1.11399185843766
3.14851689872124	1.1156386230141
3.16101867543972	1.11765586771071
3.1718278664434	1.11625310964883
3.18230245185908	1.11544919200242
3.1955987212713	1.12156667746604
3.20735495561253	1.12246950156987
3.21771152382684	1.1203267145902
3.22892125805943	1.11567010171712
3.24099064031568	1.12159927375615
3.2528691386894	1.12183843739331
3.26269462949751	1.11688175238669
3.27352103134305	1.11596384085715
3.2869407941336	1.12121836282313
3.29952817802657	1.11892973072827
3.31041034747012	1.11954868771136
3.32328305135846	1.12256393767894
3.33498474744754	1.11861773766578
3.34538959542605	1.11464862711728
3.358051857657	1.11934714950621
3.3715035834396	1.11889285035432
3.38394668683354	1.11952261067927
3.3952003422405	1.11738150008023
3.40606530084217	1.11431223340333
3.41949065156839	1.1204828042537
3.43170632598051	1.12035558559001
3.44222583839899	1.11778140999377
3.45424336461221	1.12187047488988
3.46819778108779	1.12125636078418
3.47784501674799	1.11517296172679
3.49054516518281	1.12315681762994
3.49903994499018	1.10695087350905
3.51238572351244	1.11670908518136
3.52320106124536	1.11699984408915
3.53637506662509	1.12088904716075
3.54881403494663	1.12096187658608
3.56042788868696	1.12112746573985
3.57168400278562	1.11944326199591
3.58409648429208	1.12364967353642
3.59747981374206	1.12643991596997
3.60701428486041	1.11902919597924
3.61748283530557	1.11727961339057
3.63359497726123	1.12590813077987
3.64380681794165	1.11891333945096
3.65619046570005	1.12149831838906
3.66752536969167	1.11580234952271
3.67888676049838	1.11319054849446
3.6914513456138	1.11705684103072
3.70242839820504	1.11246039159596
3.71532088338566	1.11643974669278
3.72760294247355	1.1192983482033
3.73885458622368	1.11481160856784
3.75042362471992	1.11679309047759
3.76424169556512	1.11955595202744
3.77354605549254	1.10947624780238
3.78400097137466	1.11044519580901
3.79741458743597	1.1168182361871
3.80901111857572	1.11646060831845
3.81871568645591	1.10938274301589
3.83233862658747	1.11525082029403
3.84376662558737	1.11486394889653
3.85420388359277	1.11434538848698
3.8665619386058	1.11694042570889
3.87780743562668	1.1117905844003
3.89048523231881	1.11461491324008
3.90244788500373	1.11177139915526
3.91388236600902	1.11558591015637
3.92689230959744	1.11692645587027
3.93721032105562	1.10785556025803
3.94781231140461	1.10651985742152
3.96246074949055	1.11612700857222
3.97338248151864	1.11096338368953
3.98388254792098	1.11054056324065
3.99659253112258	1.11045730300248
4.00836038837001	1.11279119737447
4.020444299259	1.11372568644584
4.0326365043413	1.11371488310397
4.04369670541532	1.11168683506549
4.0561667426592	1.11323059536517
4.06776696183649	1.11205955035985
4.0783716343946	1.10752270556987
4.09139197154338	1.11002833582461
4.1043977800594	1.11241997219622
4.1143729157848	1.10651724971831
4.12737101294959	1.11170359887183
4.14041169018421	1.11197796650231
4.15032479982366	1.10782706178725
4.16185695794447	1.1052078101784
4.17503599246631	1.1088399682194
4.18645952111767	1.10932500101626
4.19740628709758	1.10652637667954
4.20857612346947	1.10526257194579
4.22069412076606	1.10581670887769
4.23254009735417	1.10263419337571
4.24333509500124	1.1007231194526
4.25565314039486	1.10296872444451
4.26925574044057	1.10281859524548
4.28028543138583	1.10188652761281
4.29011975113231	1.09468181617558
4.3049892479534	1.10330008901656
4.3158302901904	1.099036866799
4.32704907687878	1.09894708730281
4.34014675105724	1.1021297890693
4.35074952371722	1.09635596163571
4.36368782997034	1.10061005689204
4.37465761824521	1.09604620374739
4.38676287504847	1.09693040139973
4.39940166794961	1.09206666238606
4.41095170746457	1.09547195024789
4.42159627788337	1.0938732419163
4.43619241289143	1.10014718957246
4.44556606322117	1.09061435796321
4.45911166632304	1.09530207701028
4.47033179411597	1.09343403019011
4.48263732253369	1.09366266988218
4.49365315539848	1.09242866747082
4.50581026824477	1.09263150952757
4.51616627766551	1.08934785239399
4.52720714448212	1.0864679235965
4.53919103132259	1.08368243090809
4.55172365344598	1.0883026290685
4.56438122181098	1.08874752186239
4.5748802823849	1.08299790881574
4.58598373408103	1.08285746537149
4.59901927041483	1.08686615712941
4.61049621973121	1.08263916336
4.62177177984601	1.0826597455889
4.63362490899178	1.08337863348425
4.64510230534301	1.07667469419539
4.66632573205713	1.10165313817561
4.686709627316	1.09454658813775
4.71366851120304	1.11269992776215
4.73723149482397	1.11796841956675
4.76108438054752	1.12505075521767
4.78554121035842	1.12069961614907
4.80965851719794	1.12552107311786
4.83238375750305	1.12336245365441
4.85445386823005	1.11827277578414
4.87644507730539	1.12080597318709
4.90264936635939	1.12144709564746
4.92453753390095	1.11488145776093
4.94963608224433	1.11328293569386
4.97544653359222	1.11778532154858
4.99754078420133	1.10701718367637
5.0205420685286	1.10649005509913
5.04629217017124	1.10994488932193
5.0712031873935	1.10844899900258
5.09245745951252	1.10392742790282
5.11784702754565	1.10336584039033
5.14030739969994	1.10089485533536
5.16481474444931	1.09954257495702
5.18770203488888	1.09371091239155
5.21203391845817	1.09216351993382
5.2358657935436	1.09383962117136
5.25933624094982	1.08866062946618
5.28278187792166	1.08511340804398
5.30568928492964	1.08598773367703
5.33041142992621	1.08380909077823
5.35418563751551	1.08465976081789
5.37981794547421	1.08432718552649
5.40124142028535	1.07969115488232
5.42545618072297	1.07942367903889
5.45000912302742	1.08111104927957
5.47375784963006	1.08158369548619
5.49710312727724	1.07800583355129
5.51971862052577	1.07483617030084
5.54295884498233	1.07194096781314
5.56542815783369	1.06850168667734
5.59000859278164	1.06695392169059
5.61447883363815	1.07013140805066
5.63869895849402	1.06915426440537
5.66230463394348	1.06816249899566
5.68529720109109	1.06923147104681
5.71062507831442	1.06921712867916
5.73237041822022	1.06556764803827
5.7575505504244	1.06331263668835
5.78218082975854	1.06759578920901
5.80596710728889	1.06501267291606
5.82772809341457	1.0638935957104
5.85340175209724	1.06429220177234
5.87606373697054	1.06549267657101
5.89758265372294	1.06178927235306
5.92294629373457	1.06204985640943
5.94394508543469	1.05835110880435
5.9693035845455	1.05658625252545
5.99293027063308	1.05500756762922
6.0181714230948	1.05824661441148
6.04153458213613	1.05613241903484
6.06605802014023	1.05315665714443
6.09044108920027	1.04638296179474
6.1130641820413	1.02798757143319
6.13795687083456	1.02647212333978
6.16031017814139	1.02119180373848
6.18652094920077	1.02518717758358
6.20822538541745	1.02295079268515
6.23093900281636	1.0196493472904
6.2576039612871	1.02442945353687
6.27942686174001	1.02077764458955
6.30331372211245	1.02119515649975
6.32572939078137	1.01940776221454
6.35178280557225	1.02388267405331
6.37357798986424	1.02106961421669
6.39785019428056	1.02097899653018
6.42320221138599	1.02559658698738
6.44638029799788	1.02443653158844
6.4703677412124	1.02493311278522
6.49442223965497	1.02417222224176
6.51978632670145	1.02334753610194
6.54158374616771	1.01883136667312
6.56601867127078	1.01971426047385
6.59013128424433	1.01726572029293
6.61382815480395	1.00560220889747
6.63853286544122	1.01163559593261
6.66266358332635	1.00896735675633
6.68791725276396	1.00109963677824
6.71020417539502	0.927418330684307
6.73608078790126	0.924176955595617
6.75690590656073	0.919419666752217
6.78200065510785	0.921320961788297
6.80523260941962	0.915991002693777
6.83001733929571	0.913530075922607
6.85341961388673	0.911397067829967
6.87687441507307	0.906542735174297
6.90030284120304	0.901489378884437
6.9227471201026	0.898355292156337
6.94729045115769	0.898289075121287
6.96972757749959	0.891793472692367
6.99511625146302	0.894409371539947
7.01698229077931	0.888352328911427
7.03987852191596	0.884732278063897
7.06605531832646	0.880216201767327
7.08802641083338	0.876302411779757
7.1127523556262	0.873335124924777
7.13564478696659	0.870178872719407
7.15988949873941	0.870382832363247
7.18017504633047	0.863556703552607
7.20427201308414	0.863939756527547
7.2284304471302	0.863099051639437
7.24881478942392	0.858897576108577
7.27412947911906	0.860023079439997
7.29525098188652	0.855398876592517
7.32103304652121	0.859494833275677
7.34200367502555	0.850390410050747
7.36741023038313	0.842518219724297
7.39055300124159	0.827977759763597
7.41339000026012	0.825203536078337
7.43829095919817	0.825144862756137
7.46129023186859	0.820330576971177
7.4847805723258	0.821137940511107
7.50732118723632	0.814816216006877
7.53228741326301	0.815269676968457
7.55458059438202	0.812464812770487
7.57541487725599	0.809921557083727
7.60141777710839	0.813406938686967
7.6238799374021	0.811882736161347
7.64839801098795	0.811867276206617
7.67084541913149	0.806274404749277
7.69446137638258	0.805121427401897
7.71705451788842	0.805475423112507
7.74015929078432	0.803207745775577
7.7648407556092	0.803953548893337
7.78903830520495	0.802550232037907
7.8130601701032	0.800249399617317
7.83609207631795	0.797530869022017
7.86167588099501	0.799827976152297
7.88276162097418	0.792964128777387
7.90609460516289	0.788804562762377
7.93019738336966	0.789301143959167
7.95282852283807	0.787238730117677
7.97538076065479	0.784025201573967
7.99854498918622	0.782827148213987
8.0244376949472	0.788997719064357
8.04478359224351	0.779392058029767
8.06941431861249	0.780736422166227
8.09206244540533	0.777834327891467
8.11542627499894	0.776536809280517
8.13791928069755	0.771345617249607
8.16240427370423	0.773895112797617
8.18518293467436	0.772470282390717
8.20839521945256	0.772008439525967
8.23171970997905	0.769721204414967
8.25438750630545	0.767811806872487
8.2777558062476	0.768588436767457
8.30132303669965	0.763585930690167
8.32591800028034	0.766091467812657
8.34832606935674	0.760854547843337
8.37179048179243	0.760140875354407
8.39833764657922	0.761847710236907
8.42217622718746	0.759652303531767
8.44467057399063	0.757583370432257
8.4681448211931	0.753077166154977
8.49291323429703	0.752647547051307
8.51575269200725	0.751721253618597
8.53890596818478	0.749930413439867
8.56394170813121	0.748222181573507
8.58581333538318	0.747627811506387
8.60977842685501	0.747985718771817
8.63305597872186	0.747497146949177
8.65812032889894	0.748822512105107
8.68017568747578	0.741606438532467
8.70419174092093	0.739378249272707
8.72963204740996	0.742915784940127
8.75323727582457	0.739314174279567
8.77609640306835	0.733342627063397
8.80147412467787	0.731839751824737
8.82602259663378	0.736441882327197
8.84887099504108	0.730999885126947
8.87346551158691	0.729033118113877
8.89733717277433	0.729242013767357
8.91932100577457	0.724578602239487
8.94512832787849	0.716434465721247
8.9700947774226	0.717781158164147
8.99337903481226	0.715627009049057
9.01771114189898	0.718089984729887
9.04088676981918	0.717452960088847
9.06589524063954	0.720396963879467
9.08930869110191	0.720096146687867
9.11510528436934	0.720961159095167
9.13882718888076	0.722018396481867
9.16158170996879	0.721839023753997
9.1857980350284	0.721283955499527
9.21049805179971	0.720753753557797
9.23424409619323	0.723493611440067
9.25593825060829	0.720740715041757
9.2815707820844	0.722451088950037
9.3050785569009	0.723024504259227
9.32712720995494	0.722900638356807
9.3511682973519	0.719908112660047
9.37624158822605	0.723981345072387
9.39948963579255	0.724242674186827
9.42246365099374	0.723156193271277
9.44730358967428	0.723561597988007
9.47154897199935	0.725602312013507
9.49560034119795	0.724221905693417
9.51929855286211	0.721680792048577
9.54418364206289	0.724742421880367
9.56827658550288	0.723962811753157
9.59018978699625	0.720679806545377
9.61525100792934	0.722374441102147
9.63834438143643	0.723737524822357
9.66133583099692	0.722182122990487
9.68695271625319	0.719601055607197
9.71027363050085	0.722254579886797
9.73435539806948	0.720175867900257
9.75851718487692	0.720657175406817
9.78387836619684	0.722059281542897
9.80621043934814	0.720171676948667
9.83131412859233	0.720589002594357
9.85627431964849	0.702237291261557
9.88045667005924	0.702329585328697
9.90456704785849	0.689796963706617
9.92948924095211	0.690227607265117
9.95294337158617	0.687562813982367
9.97660760860148	0.685557117685677
10.0017166622639	0.678211683407427
10.0262159603859	0.678004464134577
10.050464471955	0.676202727481727
10.0740062214203	0.668706232681867
10.0989811646267	0.669805938377977
10.1238912877793	0.667211459949617
10.1460132545493	0.660924194380637
10.1714893238266	0.660952040925627
10.1963019933811	0.658965157344937
10.2200238978925	0.658200075849887
10.2435777172989	0.655251974239947
10.2670631403727	0.656117172911767
10.2907407884336	0.652162032201887
10.3138055517101	0.651487195864317
10.3392342352929	0.647649401798847
10.3632333014137	0.645032199099657
10.3893539949501	0.634004035964607
10.412909155461	0.629783747717737
10.4380204442978	0.631742039695387
10.4612827969796	0.628044689074157
10.4853332721084	0.627114484086637
10.5102581474112	0.624290341511367
10.5329809290246	0.622342480346557
10.5579773299039	0.616401387378577
10.5817712070268	0.617273943498727
10.6082455051324	0.617602234706287
10.6296115359648	0.613325973972677
10.6538211555016	0.613638060167437
10.6784013669321	0.611765170469877
10.7000512648967	0.609629554674027
10.725337791396	0.606624828651547
10.7492984125193	0.605293223634367
10.7741396923044	0.605077808722857
10.7965996174239	0.601014168933037
10.8214842595897	0.602837884798647
10.8467385995797	0.601655663922427
10.8701010880687	0.600652536377307
10.8975231000641	0.572455627843737
10.9215302128122	0.574027514085177
10.9459848074489	0.574673851951957
10.9675300992576	0.574076967313887
10.9922649847475	0.575199117884037
11.016371786268	0.576158007606867
11.0391428476456	0.573734799399977
11.0654758827375	0.569092156365517
11.0875240887566	0.565008213743567
11.1145191824669	0.549274077638987
11.1369674846801	0.546826189383867
11.1635124142926	0.549321575090287
11.1862973337507	0.546881882473827
11.2109218016317	0.546656595543027
11.2338309967791	0.542412186041477
11.2582650278125	0.541898002848027
11.2832931681664	0.537279481068257
11.3059797399567	0.532891275361177
11.3312313977374	0.531377037987113
11.3528866601202	0.526376394554973
11.3765415094036	0.526747619733215
11.4021154793139	0.525004835799337
11.425245509679	0.523993978276849
11.4490720203462	0.522092869505286
11.4739848257079	0.520768621936441
11.5007009696693	0.521118612959981
11.5240822336222	0.517351599410177
11.5490348250859	0.516668660566211
11.575037054386	0.517047150060535
11.5993320575799	0.51466696895659
11.6250213624824	0.514475861564279
11.6489815365709	0.511635513976217
11.6741004250001	0.512523436918855
11.6975456149371	0.509478291496635
11.7229532878818	0.508269527927041
11.7485259166875	0.509622180834413
11.7734297813521	0.507514132186771
11.7983957838614	0.505098840221763
11.8233009896305	0.50608585588634
11.8483523757968	0.506071792915464
11.871622775106	0.503312097862363
11.8972106030968	0.502606900408864
11.9217443229025	0.501539884135127
11.9459248851738	0.501858396455646
11.9688188811362	0.498925009742379
11.9918335765091	0.496357819065452
12.0137029685868	0.494203111156822
12.0340005861189	0.492878770455718
12.0576773401101	0.492087518796325
12.0795614843379	0.491709401831031
12.1023584737371	0.488109374418855
12.1269923293501	0.486005516722799
12.1516378078692	0.486066704615951
12.1770275994198	0.484817428514362
12.2017294043305	0.483307568356395
12.2292573635863	0.483138440176845
12.2512617601898	0.478720525279641
12.2768281305076	0.480107543990016
12.3025353168043	0.477792648598552
12.3278164788854	0.475495355203748
12.3516559535633	0.473742792382837
12.3759965543123	0.472137099131942
12.4040538028348	0.473525887355209
12.4265445733592	0.46968418173492
12.4517282818422	0.468957656994462
12.4748404308132	0.466059846803546
12.5019611413172	0.467876205220819
12.5265319650159	0.465198745951057
12.5525815800105	0.465274835005403
12.5775685931579	0.464018294587732
12.6015095447476	0.462162727490068
12.6278609082684	0.462717516347766
12.6532712634223	0.462565897032619
12.6784174209776	0.462349923327565
12.702289082165	0.458683120086789
12.7283042754759	0.458325771614909
12.7529466247511	0.456912955269218
12.7758200571102	0.456114253029228
12.8028379495979	0.455815577879548
12.8268861895525	0.455254269763828
12.8528441624021	0.453683221712709
12.8775450732431	0.452987710013986
12.9016027009297	0.452162185683847
12.9269495771343	0.450284918770194
12.9503370995752	0.448733614757657
12.9772597736391	0.450585363432765
13.0010898605851	0.449626380577684
13.0244219507041	0.448916247114539
13.0484840487392	0.44699558056891
13.0738447830242	0.448014168068767
13.0979560548932	0.447730580344796
13.1223373358138	0.445165252313018
13.1482215479126	0.447196187451482
13.1712326670067	0.444202264770866
13.1969908152767	0.445384858176112
13.2215035244443	0.443157879635692
13.247610806935	0.444356678053737
13.2720336620971	0.443559745326638
13.2969236686812	0.441790325567127
13.3215910519082	0.440632225945592
13.3472021257113	0.435939757153392
13.3731346175742	0.434660585597158
13.3975364620981	0.434149382635951
13.4240500992709	0.435274140909314
13.4465909376988	0.431992998346687
13.4701112294913	0.432049995288253
13.495094219325	0.431771622970701
13.5189837619065	0.430385814979673
13.5446167404175	0.430304789915681
13.568677497348	0.429892493411899
13.5918611718956	0.429896404966712
13.615534349608	0.427009956911207
13.6419366751021	0.428881729021669
13.6656612618227	0.426900433376432
13.6892021172184	0.426667137071491
13.7142789843713	0.425939587876201
13.7375261378682	0.42240503244102
13.7620871268	0.424867821857333
13.7837271899977	0.419079838320613
13.8092770200259	0.421038130298257
13.8330498865106	0.41780392639339
13.8579734207088	0.418398575857282
13.8820739637413	0.41734897531569
13.9068817159124	0.416409550234676
13.9305352240912	0.415904959663749
13.9528771320092	0.414264807477594
13.9798977067061	0.415360694751144
14.0023737250802	0.413191644474864
14.0256803342126	0.412216456606984
14.0496610719043	0.409271521493793
14.0739605454467	0.411597499623895
14.096784356937	0.408269139006734
14.1187167809291	0.404195068404079
14.1418030018786	0.405653426423669
14.1651561026357	0.403970247134567
14.1889946832439	0.403280975297094
14.2129159653001	0.403215317055583
14.2373955938886	0.399423344060779
14.2622104986173	0.397896626964212
14.2849440090671	0.396808190271259
14.3098071935601	0.397124188020826
14.3307342361662	0.39384332485497
14.3552581212051	0.392644805833698
14.3772611767041	0.391164468601346
14.4011869291088	0.389650417491794
14.4243531692971	0.386573141440749
14.4476691661613	0.385795021429658
14.4705028124185	0.38424669764936
14.4927834765616	0.379736116155982
14.516768237567	0.37980224005878
14.539024761828	0.376414274796844
14.5628575309831	0.377180194482208
14.5845557087119	0.371772376820445
14.6093795541376	0.37286845035851
14.6325940740901	0.370563520118594
14.6549788973541	0.364413531497121
14.6775975198466	0.363914063200355
14.7013355176128	0.361376302316785
14.7231990982374	0.359863555058837
14.7465553282385	0.35625291056931
14.7703617223372	0.35520070232451
14.7915914075393	0.351035175845027
14.8124156321291	0.346505036577583
14.8376950060707	0.348511664196849
14.8599595769591	0.345100043341518
14.8820936136702	0.341842463240028
14.9063421252393	0.340075278654695
14.9273554455722	0.337154185399413
14.9559817694635	0.335597200319171
14.9749230832495	0.331569509580732
14.9979722003061	0.329201528802514
15.0214026380929	0.325713725760579
15.0444642721254	0.32606259919703
15.0659903414355	0.321821263059974
15.0896715657752	0.321848643943668
15.1119330074196	0.319052813574672
15.1341837202275	0.319667393341661
15.1613933906675	0.318048661574722
15.1814947598988	0.315571902319789
15.2038366678169	0.314805610105396
15.2276855302267	0.314000109210611
15.2495947084064	0.313154933974147
15.2725490540741	0.311251496896148
15.2981176595661	0.311331637203694
15.3206379343908	0.308069074526429
15.3426137207636	0.308534689247608
15.3647884376464	0.305401720106602
15.3904701429565	0.295238150283695
15.4121160176073	0.293125864118338
15.4337301527836	0.288775097578764
15.4559406324546	0.28848284855485
15.4801341587367	0.288222124800086
15.5029302540661	0.286271190270782
15.5262131703512	0.28568315319717
15.5502095542628	0.285506341606379
15.5730288954046	0.28342423029244
15.5946376661626	0.280940253287554
15.6201155235794	0.281389243900776
15.6422781705211	0.279380613937974
15.6646518179137	0.277664558961988
15.6894868392109	0.273615028709173
15.7126441387021	0.271952198818326
15.735203305559	0.269452948123217
15.7583999441173	0.268406141549349
15.7817289049924	0.267609814181924
15.8054494683993	0.2662249840796
