0	0
0.00131196078431373	0.44309
0.00302490196078431	0.86573
0.00630843137254902	1.20827
0.0106578431372549	1.49645
0.0150072549019608	1.78463
0.0204333333333333	2.0179
0.0244121568627451	2.32498
0.0265386274509804	2.72653
0.0301143137254902	3.05417
0.0336896078431373	3.38183
0.0361686274509804	3.7654
0.0392954901960784	4.11593
0.0423509803921569	4.4701
0.0497352941176471	4.6035
0.0549137254901961	4.8494
0.0743196078431373	4.3697
0.08657	4.25493
0.100898039215686	4.0342
0.120291568627451	3.55513
0.142544509803922	2.93023
0.159090784313725	2.59637
0.174482941176471	2.32137
0.189054901960784	2.0882
0.202792745098039	1.89757
0.214889607843137	1.79063
0.227075882352941	1.67913
0.239179019607843	1.57187
0.250396666666667	1.50977
0.261417058823529	1.45773
0.272417058823529	1.40673
0.282962156862745	1.37893
0.293743921568627	1.33906
0.304359607843137	1.30766
0.314910196078431	1.27958
0.325840196078431	1.23215
0.335937058823529	1.22721
0.346327647058823	1.20729
0.356475490196078	1.19975
0.366782745098039	1.18408
0.376987843137255	1.17362
0.387475490196078	1.14875
0.397558823529412	1.1445
0.407783529411765	1.13304
0.417917647058824	1.1262
0.428078039215686	1.11802
0.438168235294118	1.11342
0.448315294117647	1.10592
0.458353529411765	1.10397
0.468424117647059	1.10037
0.478514117647059	1.09578
0.488590784313726	1.09187
0.498667843137255	1.08794
0.508693921568627	1.08661
0.518712745098039	1.08565
0.528764509803922	1.08301
0.538783725490196	1.08203
0.54875137254902	1.08368
0.558751372549019	1.08368
0.568725882352941	1.08498
0.578712941176471	1.08564
0.588693529411765	1.08663
0.598661764705882	1.08825
0.608623333333333	1.09021
0.618584509803922	1.09219
0.628552549019608	1.09382
0.638494705882353	1.09677
0.648456274509804	1.09873
0.658462941176471	1.09839
0.668399019607843	1.10165
0.67836	1.10364
0.688328235294118	1.10526
0.698276862745098	1.10788
0.708231960784314	1.11017
0.718174117647059	1.11312
0.728116274509804	1.11607
0.738046470588235	1.11963
0.747982156862745	1.12291
0.757891960784314	1.12751
0.767822156862745	1.13107
0.777763921568628	1.13404
0.787719215686275	1.13632
0.797584901960784	1.14317
0.807520392156863	1.14646
0.817475490196078	1.14875
0.827404901960784	1.15235
0.837321568627451	1.1566
0.847251176470588	1.16019
0.857180196078431	1.16381
0.867103333333333	1.16773
0.877014117647059	1.17228
0.886936666666667	1.17623
0.896866274509804	1.17982
0.906789411764706	1.18374
0.916680588235294	1.18929
0.926609607843137	1.19291
0.936571960784314	1.19483
0.946481960784314	1.19942
0.956410980392157	1.20304
0.966327843137255	1.20728
0.976257254901961	1.21088
0.986173921568627	1.21513
0.996090588235294	1.21938
1.0060131372549	1.22333
1.01595588235294	1.22625
1.02588549019608	1.22984
1.03581509803922	1.23343
1.04573823529412	1.23735
1.05568	1.24032
1.0655968627451	1.24456
1.07553274509804	1.24783
1.08546156862745	1.25146
1.09540431372549	1.25438
1.1052568627451	1.2619
1.11518	1.26582
1.12509666666667	1.27007
1.13496882352941	1.27659
1.14467960784314	1.29134
1.15441039215686	1.30507
1.16421843137255	1.31486
1.17399431372549	1.32629
1.18384607843137	1.33385
1.19373745098039	1.33939
1.20363450980392	1.34464
1.21353882352941	1.34952
1.22343607843137	1.35476
1.23332725490196	1.36031
1.24322431372549	1.36556
1.25312215686275	1.37077
1.26301921568627	1.37602
1.2729231372549	1.38092
1.2828331372549	1.38551
1.29274333333333	1.39009
1.30264117647059	1.3953
1.31254490196078	1.40021
1.32244862745098	1.40512
1.33235941176471	1.40967
1.3422631372549	1.41458
1.35217274509804	1.41919
1.36208941176471	1.42344
1.37200607843137	1.42769
1.38193549019608	1.43129
1.39187137254902	1.43456
1.40181431372549	1.43747
1.4117431372549	1.4411
1.42167274509804	1.44469
1.43157039215686	1.44991
1.44148705882353	1.45416
1.45139725490196	1.45874
1.46135176470588	1.46106
1.47126862745098	1.4653
1.48119215686275	1.4692
1.49112098039216	1.47283
1.50102490196078	1.47773
1.51094254901961	1.48193
1.52083333333333	1.4875
1.53079411764706	1.4895
1.54071764705882	1.4934
1.55064058823529	1.49733
1.5605568627451	1.5016
1.57047392156863	1.50583
1.58039078431373	1.51007
1.59030725490196	1.51433
1.60021764705882	1.5189
1.61014058823529	1.52283
1.62006333333333	1.52677
1.62997392156863	1.53133
1.63989666666667	1.53527
1.64982549019608	1.5389
1.6597431372549	1.5431
1.66965352941176	1.54767
1.67957588235294	1.55163
1.68951235294118	1.55487
1.69943529411765	1.5588
1.70935098039216	1.5631
1.71928764705882	1.56633
1.72920450980392	1.57057
1.73913392156863	1.57417
1.74903784313725	1.57907
1.75894764705882	1.58367
1.76887705882353	1.58727
1.7788	1.5912
1.78871705882353	1.59543
1.79864647058824	1.59903
1.80856274509804	1.6033
1.81849274509804	1.60687
1.82840254901961	1.61147
1.83832607843137	1.61537
1.84824960784314	1.61927
1.85817196078431	1.62323
1.86810196078431	1.6268
1.87803078431373	1.63043
1.88796078431373	1.634
1.8978837254902	1.63793
1.90785745098039	1.63927
1.91780647058824	1.64187
1.92775490196078	1.6445
1.93782607843137	1.64087
1.94776803921569	1.64383
1.95771039215686	1.64677
1.96766529411765	1.64907
1.97767843137255	1.6484
1.98761431372549	1.65167
1.99752411764706	1.65627
2.00746078431373	1.6595
2.01739607843137	1.6628
2.02733196078431	1.66607
2.03727450980392	1.669
2.04720980392157	1.6723
2.05713980392157	1.67587
2.06714647058824	1.67553
2.07712019607843	1.67687
2.08710137254902	1.67783
2.09704960784314	1.68047
2.1069862745098	1.6837
2.11694705882353	1.6857
2.12692156862745	1.687
2.13684450980392	1.69093
2.14678039215686	1.6942
2.15673588235294	1.69647
2.16669078431373	1.69877
2.17665882352941	1.7004
2.18660137254902	1.70333
2.1965562745098	1.70563
2.20651176470588	1.7079
2.21646019607843	1.71053
2.22643470588235	1.71183
2.23637647058824	1.7148
2.24633196078431	1.71707
2.25628039215686	1.7197
2.26624843137255	1.72133
2.27620980392157	1.7233
2.28613274509804	1.72723
2.29609470588235	1.72917
2.3060437254902	1.73177
2.31599215686274	1.7344
2.32594058823529	1.73703
2.33586333333333	1.74097
2.34581823529412	1.74327
2.35577450980392	1.7455
2.36571568627451	1.7485
2.3756137254902	1.7537
2.38558098039216	1.75537
2.39551764705882	1.7586
2.40546607843137	1.76123
2.41540196078431	1.7645
2.42534450980392	1.76743
2.43536470588235	1.7664
2.44536666666667	1.7663
2.45532941176471	1.7682
2.46528568627451	1.77043
2.47525490196078	1.772
2.48520254901961	1.77467
2.49513274509804	1.77823
2.5051137254902	1.7792
2.51506862745098	1.7815
2.52501764705882	1.7841
2.53497901960784	1.78607
2.54493980392157	1.78807
2.55442117647059	1.81452
2.56431823529412	1.81977
2.57421803921569	1.82488
2.58413098039216	1.82932
2.59403	1.83447
2.60395470588235	1.83831
2.61389294117647	1.84146
2.62382490196078	1.84493
2.63374941176471	1.84878
2.6437068627451	1.85095
2.65366941176471	1.85286
2.6636137254902	1.8557
2.67350392156863	1.8613
2.68350411764706	1.86129
2.69349117647059	1.86195
2.70348470588235	1.86228
2.71346529411765	1.86327
2.72345235294118	1.86393
2.73354274509804	1.85932
2.7435231372549	1.86032
2.75351098039216	1.86094
2.76349803921569	1.8616
2.77347196078431	1.86293
2.78345254901961	1.86392
2.7934468627451	1.86421
2.80342078431373	1.86554
2.81341431372549	1.86587
2.8233968627451	1.86676
2.83336039215686	1.86862
2.84332980392157	1.87018
2.85329274509804	1.87207
2.86326666666667	1.8734
2.87324764705882	1.87437
2.88322156862745	1.8757
2.89321980392157	1.87579
2.90321745098039	1.87591
2.91322803921569	1.87537
2.92321705882353	1.87593
2.93321235294118	1.87617
2.94322745098039	1.8754
2.95320921568627	1.87633
2.96319647058824	1.87698
2.97320274509804	1.87666
2.98322882352941	1.87533
2.99321764705882	1.8759
3.00319411764706	1.8771
3.01324117647059	1.8747
3.02327019607843	1.87322
3.03326666666667	1.8734
3.04325725490196	1.87388
3.05323470588235	1.87503
3.06320666666667	1.87646
3.07318549019608	1.87754
3.08315745098039	1.87897
3.09318568627451	1.87753
3.1033162745098	1.87087
3.11331176470588	1.8711
3.12329254901961	1.87208
3.1332862745098	1.8724
3.14327352941176	1.87305
3.15325431372549	1.87403
3.16323941176471	1.87479
3.17323117647059	1.87521
3.18321411764706	1.87608
3.19319921568627	1.87684
3.20318411764706	1.87761
3.21316901960784	1.87838
3.22317	1.87833
3.23317078431373	1.87829
3.24317392156863	1.87813
3.25320470588235	1.87656
3.26322411764706	1.87557
3.27324352941176	1.87458
3.28312784313725	1.88048
3.2930331372549	1.88531
3.30289568627451	1.89232
3.31275843137255	1.89932
3.32265254901961	1.90472
3.33253784313725	1.91057
3.34242333333333	1.91641
3.35233215686274	1.92106
3.3622768627451	1.92388
3.37222156862745	1.9267
3.38218176470588	1.92873
3.39213960784314	1.93088
3.40209725490196	1.93304
3.41205490196078	1.9352
3.42200607843137	1.93769
3.43195705882353	1.94019
3.44190823529412	1.94268
3.45187549019608	1.94435
3.46184490196078	1.94591
3.47181431372549	1.94747
3.48181156862745	1.94761
3.49183078431373	1.94663
3.50185	1.94565
3.51186921568627	1.94467
3.52186647058824	1.94481
3.5318637254902	1.94495
3.54186098039216	1.94509
3.55185431372549	1.94543
3.5618437254902	1.94597
3.57183333333333	1.9465
3.58182274509804	1.94704
3.59181725490196	1.94732
3.60181176470588	1.9476
3.6118062745098	1.94788
3.62180078431373	1.94816
3.63184137254902	1.94609
3.64187980392157	1.94413
3.65191803921569	1.94218
3.66199725490196	1.93814
3.67208490196078	1.93367
3.68217274509804	1.92919
3.69218666666667	1.92848
3.70219647058824	1.92798
3.71220607843137	1.92749
3.72221568627451	1.927
3.73221352941176	1.92711
3.74221352941176	1.92711
3.75221352941176	1.92711
3.7622268627451	1.92643
3.77223607843137	1.92596
3.78224509803922	1.9255
3.79225431372549	1.92503
3.80229039215686	1.92319
3.81232666666667	1.92134
3.82236274509804	1.9195
3.83236392156863	1.91944
3.84236490196078	1.91939
3.85236607843137	1.91933
3.86236921568627	1.91917
3.87237156862745	1.91905
3.88237392156863	1.91893
3.89237196078431	1.91903
3.90237607843137	1.91882
3.91238019607843	1.91861
3.92237803921569	1.91872
3.93239725490196	1.91774
3.94241196078431	1.91699
3.95242784313726	1.91618
3.96243647058824	1.91574
3.97245098039216	1.915
3.98246549019608	1.91426
3.99248745098039	1.91314
4.00250411764706	1.91229
4.01252549019608	1.9112
4.02253392156863	1.91077
4.03254450980392	1.91023
4.04255078431373	1.90991
4.05256784313726	1.90904
4.06258490196078	1.90817
4.0726062745098	1.90708
4.08262137254902	1.90631
4.09263647058824	1.90554
4.10266431372549	1.90412
4.11268176470588	1.90323
4.12269941176471	1.90233
4.13270725490196	1.90193
4.14271843137255	1.90136
4.15273137254902	1.9007
4.16274431372549	1.90004
4.17277529411765	1.89846
4.18281607843137	1.89638
4.1928568627451	1.8943
4.20290333333333	1.89193
4.21302568627451	1.88569
4.22314784313726	1.87946
4.23327	1.87323
4.24338	1.86762
4.25339921568627	1.86664
4.26341823529412	1.86567
4.27342274509804	1.86544
4.28342960784314	1.86509
4.29343666666667	1.86473
4.30344137254902	1.86449
4.3134462745098	1.86424
4.32345274509804	1.86391
4.33346588235294	1.86324
4.34346352941177	1.86336
4.35346156862745	1.86346
4.36346156862745	1.86346
4.37347196078431	1.86293
4.38348823529412	1.8621
4.39350568627451	1.86121
4.4035231372549	1.86032
4.41353058823529	1.85994
4.42353843137255	1.85954
4.43354705882353	1.8591
4.44355352941177	1.85877
4.4535568627451	1.8586
4.46355352941176	1.85877
4.47355764705882	1.85856
4.48356176470588	1.85835
4.49358019607843	1.85741
4.50359843137255	1.85648
4.51361568627451	1.8556
4.52363490196078	1.85462
4.53365411764706	1.85364
4.54374960784314	1.84877
4.55386450980392	1.84291
4.56397921568627	1.83706
4.57409411764706	1.8312
4.58410901960784	1.83044
4.59412392156863	1.82968
4.60413901960784	1.82891
4.6141368627451	1.82902
4.6241537254902	1.82816
4.63417058823529	1.8273
4.6442037254902	1.82561
4.65423666666667	1.82393
4.66425235294118	1.82313
4.67425725490196	1.82288
4.68425019607843	1.82324
4.69424333333333	1.82359
4.70424333333333	1.82359
4.71425431372549	1.82303
4.72426509803922	1.82248
4.73428823529412	1.8213
4.74431333333333	1.82002
4.75433843137255	1.81874
4.76436333333333	1.81747
4.77437411764706	1.81692
4.78438705882353	1.81626
4.7944	1.8156
4.80441725490196	1.81472
4.81448764705882	1.81113
4.82455803921569	1.80754
4.83463058823529	1.80384
4.84471019607843	1.79978
4.85477705882353	1.79637
4.86483941176471	1.79319
4.87490196078431	1.79
4.88498098039216	1.78597
4.89505803921569	1.78204
4.90513490196078	1.77812
4.9153731372549	1.76597
4.92561215686275	1.75378
4.93585098039216	1.7416
4.94609294117647	1.72926
4.95612235294118	1.72776
4.96616176470588	1.72575
4.97620137254902	1.72373
4.98627176470588	1.72014
4.99634431372549	1.71644
5.0064168627451	1.71274
5.01645333333333	1.71088
5.02648843137255	1.70909
5.03652352941177	1.7073
5.04654901960784	1.706
5.05658058823529	1.70439
5.06661215686275	1.70278
5.0766437254902	1.70117
5.0866762745098	1.69951
5.09670901960784	1.69784
5.10674156862745	1.69618
5.11678137254902	1.69415
5.12682745098039	1.6918
5.13684803921569	1.69075
5.14686862745098	1.6897
5.15690352941177	1.68792
5.16693843137255	1.68614
5.17697352941176	1.68435
5.1870131372549	1.68233
5.19705274509804	1.68031
5.20709235294118	1.67829
5.21713196078431	1.67627
5.22714980392157	1.67536
5.23716764705882	1.67445
5.24718529411765	1.67355
5.25721058823529	1.67226
5.26723588235294	1.67097
5.27728568627451	1.66843
5.28733529411765	1.6659
5.29743117647059	1.66101
5.30752705882353	1.65612
5.31761470588235	1.65165
5.32767392156863	1.64863
5.33776509803922	1.64398
5.34791254901961	1.63646
5.35806	1.62894
5.36822921568627	1.62031
5.37839843137255	1.61168
5.38850745098039	1.60612
5.39856039215686	1.60342
5.40861333333333	1.60072
5.41866078431373	1.5983
5.42871509803922	1.59553
5.4387637254902	1.59305
5.44881215686275	1.59058
5.45886411764706	1.58793
5.46901588235294	1.58019
5.47916784313725	1.57244
5.48930039215686	1.56568
5.49930921568627	1.56523
5.50931803921569	1.56478
5.51932490196078	1.56443
5.52932784313725	1.56428
5.5393305882353	1.56414
5.54933333333333	1.564
5.55933117647059	1.56411
5.56932901960784	1.56422
5.57932705882353	1.56432
5.58933725490196	1.5638
5.59934745098039	1.56328
5.60935784313725	1.56275
5.61936803921569	1.56223
5.62936588235294	1.56234
5.6393637254902	1.56245
5.64936156862745	1.56256
5.65936392156863	1.56244
5.66936607843137	1.56233
5.67936823529412	1.56222
5.68937058823529	1.5621
5.69941117647059	1.56003
5.70945196078431	1.55795
5.71949274509804	1.55587
5.72951843137255	1.55456
5.73954411764706	1.55325
5.74957607843137	1.55162
5.75960823529412	1.54998
5.76967862745098	1.54639
5.77975117647059	1.54269
5.78982392156863	1.53898
5.79987156862745	1.53655
5.80991490196078	1.53434
5.81995823529412	1.53213
5.82999137254902	1.53044
5.84002196078431	1.52888
5.85005235294118	1.52733
5.86008294117647	1.52577
5.87011294117647	1.52424
5.88014274509804	1.52272
5.89017254901961	1.5212
5.90019647058824	1.51998
5.9102268627451	1.51843
5.92025705882353	1.51689
5.93028725490196	1.51535
5.94031843137255	1.51376
5.95034960784314	1.51217
5.96038078431373	1.51058
5.97043529411765	1.5078
5.98049078431373	1.50497
5.9905462745098	1.50214
6.00055352941177	1.50177
6.01055764705882	1.50156
6.02056196078431	1.50134
6.0305662745098	1.50112
6.0405868627451	1.50007
6.05060823529412	1.49898
6.06062960784314	1.49789
6.07065529411765	1.49658
6.08069176470588	1.49472
6.09072803921569	1.49287
6.10076450980392	1.49101
6.11079392156863	1.48951
6.12082117647059	1.48812
6.13084843137255	1.48673
6.14086980392157	1.48564
6.15090470588235	1.48386
6.16093941176471	1.48209
6.17097431372549	1.48031
6.18105803921569	1.47604
6.19114196078431	1.47176
6.20122568627451	1.46749
6.21127509803922	1.46497
6.2213262745098	1.46236
6.23137745098039	1.45975
6.24145117647059	1.45599
6.25150843137255	1.45307
6.26156568627451	1.45015
6.27162294117647	1.44723
6.28167705882353	1.44447
6.29174078431373	1.44122
6.30180450980392	1.43797
6.3118431372549	1.436
6.32188196078431	1.43402
6.33193058823529	1.43154
6.34197058823529	1.4295
6.35202470588235	1.42674
6.36207882352941	1.42398
6.37209784313726	1.42301
6.38210960784314	1.42241
6.39212117647059	1.42182
6.40214156862745	1.42078
6.41216196078431	1.41974
6.42218784313726	1.41842
6.43221431372549	1.41707
6.44224058823529	1.41573
6.45227098039216	1.41418
6.46230117647059	1.41264
6.47233745098039	1.41079
6.48235921568627	1.40968
6.49238117647059	1.40856
6.50239941176471	1.40763
6.51241784313726	1.40669
6.52243549019608	1.40579
6.53245117647059	1.40499
6.54255568627451	1.39966
6.55266882352941	1.39389
6.56278196078431	1.38812
6.57297862745098	1.37809
6.58317529411765	1.36806
6.59344019607843	1.35455
6.60358235294118	1.3473
6.61372431372549	1.34006
6.62387098039216	1.33258
6.63401764705882	1.3251
6.64412254901961	1.31975
6.65416078431373	1.3178
6.66419921568628	1.31584
6.67423588235294	1.31397
6.68429490196079	1.31096
6.6943637254902	1.30745
6.70443274509804	1.30393
6.71449274509804	1.30087
6.72453666666667	1.29863
6.73457509803922	1.29667
6.74461647058824	1.29456
6.75464705882353	1.293
6.7646731372549	1.29167
6.77469941176471	1.29033
6.78473137254902	1.2887
6.79475843137255	1.28732
6.80478549019608	1.28594
6.81483882352941	1.28322
6.82489235294118	1.28049
6.83494862745098	1.27762
6.84497705882353	1.27617
6.85500274509804	1.27486
6.86502568627451	1.27369
6.87505078431373	1.27241
6.88507352941176	1.27125
6.89509647058824	1.27008
6.90513490196078	1.26812
6.91517333333333	1.26616
6.92521647058824	1.26396
6.93531450980392	1.25896
6.94541235294118	1.25397
6.95551039215686	1.24897
6.96563117647059	1.24281
6.97568666666667	1.23998
6.98574215686275	1.23715
6.99576823529412	1.23582
7.00579019607843	1.2347
7.01581215686275	1.23358
7.02583411764706	1.23246
7.03584764705882	1.23177
7.04586098039216	1.23109
7.05587431372549	1.23041
7.06589254901961	1.22948
7.07591215686275	1.22848
7.08593176470588	1.22748
7.09594490196078	1.22681
7.10595235294118	1.22643
7.11595980392157	1.22605
7.12597156862745	1.22545
7.13599411764706	1.2243
7.14603705882353	1.22211
7.15608411764706	1.21971
7.16613137254902	1.2173
7.1761868627451	1.21447
7.18623803921569	1.21186
7.19628941176471	1.20924
7.20648333333333	1.19935
7.21669	1.18881
7.2268968627451	1.17826
7.23692411764706	1.17687
7.24694470588235	1.17582
7.25696549019608	1.17476
7.2669862745098	1.1737
7.27701137254902	1.17242
7.28702431372549	1.17176
7.29703705882353	1.17111
7.30704098039216	1.17091
7.31704705882353	1.1706
7.32705294117647	1.1703
7.33705901960784	1.16999
7.34709529411765	1.16814
7.35713156862745	1.16629
7.36716784313725	1.16444
7.37720450980392	1.16257
7.38724137254902	1.16069
7.39727803921569	1.15882
7.40731803921569	1.15678
7.41732568627451	1.15639
7.4273331372549	1.15601
7.43733862745098	1.15573
7.44738764705882	1.15323
7.4574368627451	1.15072
7.46748607843137	1.14821
7.47750156862745	1.14742
7.48751705882353	1.14663
7.49753666666667	1.14563
7.50755647058824	1.14462
7.51758647058824	1.14309
7.52761411764706	1.14168
7.53764196078431	1.14026
7.54770725490196	1.13693
7.55777235294118	1.13361
7.56786960784314	1.12865
7.57796901960784	1.12358
7.58802254901961	1.12085
7.59805901960784	1.11899
7.60809529411765	1.11714
7.6181337254902	1.11518
7.62817	1.11333
7.63820647058824	1.11147
7.64823352941176	1.11009
7.65825019607843	1.10924
7.66826666666667	1.1084
7.67828156862745	1.10764
7.68832705882353	1.10532
7.69837254901961	1.103
7.70841784313726	1.10069
7.71843078431373	1.10003
7.7284437254902	1.09937
7.73845666666667	1.09871
7.74847588235294	1.09773
7.75849078431373	1.09697
7.76850568627451	1.09621
7.77852058823529	1.09545
7.78853450980392	1.09474
7.79854823529412	1.09404
7.80856215686275	1.09333
7.81858039215686	1.0924
7.82859980392157	1.09141
7.83861901960784	1.09043
7.84863843137255	1.08944
7.85865588235294	1.08855
7.86867352941176	1.08765
7.87868549019608	1.08704
7.88869803921569	1.0864
7.89870764705882	1.08591
7.90871725490196	1.08542
7.91872803921569	1.08487
7.92874294117647	1.08411
7.93875784313726	1.08335
7.94878137254902	1.08215
7.95882235294118	1.08006
7.97883862745098	1.07923
8.0 	1.07923
