0	0.00940438871473415
0.0103305785123964	1.81972978574575
0.0206611570247937	3.32441254954792
0.03099173553719	4.48113293090495
0.0516528925619837	5.39331977512371
0.0723140495867765	6.03513044379388
0.144628099173554	6.15584082489184
0.21694214876033	5.33188035959481
0.444214876033058	4.83380398455919
0.578512396694215	4.73510672855216
0.723140495867769	4.72036641044906
0.857438016528925	4.72174149589368
0.991735537190082	4.72854219021218
1.13636363636364	4.70946138500998
1.27066115702479	4.67954879261519
1.40495867768595	4.59610352599808
1.53925619834711	4.5582333739216
1.68388429752066	4.53640962201093
1.81818181818182	4.49109432886863
2.10743801652893	4.41257221689681
2.64462809917355	4.23718878727428
3.17148760330579	4.08641910869376
3.68801652892562	3.78026594715194
4.22520661157025	3.43351661163003
4.76239669421488	3.09702274072465
5.28925619834711	2.96222224219619
5.81611570247934	2.8523968209958
6.36363636363636	2.72036740688778
6.8904958677686	2.58434389491956
7.41735537190083	2.48282186524186
7.95454545454546	2.40583876753893
8.47107438016529	2.29829891966113
8.99793388429752	2.20970331447173
9.54545454545455	2.0508308306114
10	1.98432601880878
